総カウント数:987775
n:72 m:7
インスタンス:revised/pr03
係数β:500
RouteDistance: 698.779
bestpena:0
NeighbohList:504
AllCnt: 4653
改善回数:63
時間:36569.6
0 33 6 78 105 43 29 36 115 108 101 61 57 25 97 133 129 0 
0 23 30 95 1 73 58 28 102 9 130 81 100 56 40 44 112 34 128 116 106 16 15 38 110 87 88 0 
0 72 59 131 31 103 20 144 92 19 12 17 62 91 84 134 89 0 
0 18 4 64 136 76 90 71 60 132 39 32 66 143 8 111 67 104 138 80 7 53 139 45 79 117 125 0 
0 63 11 14 135 83 10 86 82 54 126 65 68 137 140 47 119 0 
0 5 55 77 42 46 127 52 114 124 118 27 13 85 22 99 94 48 120 70 41 142 113 0 
0 2 69 74 141 26 51 21 93 123 98 49 37 35 107 109 3 121 50 24 122 96 75 0 
