総カウント数:735375
n:96 m:9
インスタンス:revised/pr04
係数β:500
RouteDistance: 881.693
bestpena:0
NeighbohList:864
AllCnt: 3092
改善回数:42
時間:35255.5
0 19 37 115 55 133 38 10 134 151 91 106 12 1 187 97 58 108 46 142 73 154 169 0 
0 29 45 47 125 143 83 65 141 161 20 86 179 2 57 116 98 182 153 92 34 130 188 11 107 0 
0 30 9 126 75 105 171 63 84 54 180 159 150 21 117 66 162 0 
0 13 76 172 94 40 109 190 136 44 140 23 119 49 82 56 67 152 178 145 22 163 42 118 138 31 64 160 127 0 
0 14 110 32 68 41 164 137 128 95 191 77 50 5 101 59 173 155 146 0 
0 28 8 124 104 69 87 51 147 183 165 78 96 15 33 174 192 60 111 129 3 93 99 189 156 0 
0 25 121 79 175 61 52 16 157 148 70 7 85 112 103 166 43 181 139 0 
0 62 35 26 158 131 89 122 71 185 17 39 167 80 176 135 113 88 184 90 4 100 53 186 149 0 
0 72 81 24 168 18 177 6 114 48 120 102 144 36 27 74 123 132 170 0 
