総カウント数:1562928
n:120 m:11
インスタンス:revised/pr05
係数β:500
RouteDistance: 909.672
bestpena:0
NeighbohList:1320
AllCnt: 6036
改善回数:71
時間:82699
0 56 34 176 50 154 33 170 153 0 
0 79 13 133 96 81 1 199 121 201 216 68 90 210 188 101 111 120 240 221 46 231 57 177 35 166 155 0 
0 105 12 225 36 67 132 80 69 156 187 189 200 58 91 211 178 113 87 47 233 86 102 207 206 222 167 0 
0 26 25 145 15 135 114 146 234 24 37 144 21 48 168 157 4 141 124 103 110 59 223 92 179 212 230 0 
0 5 93 213 27 95 147 71 125 82 202 215 191 38 60 180 16 23 143 158 49 136 169 115 235 104 224 0 
0 39 94 214 28 148 119 159 72 239 31 192 9 97 106 151 217 129 61 73 226 181 108 193 228 0 
0 3 123 65 18 84 6 83 185 126 138 204 40 203 29 160 149 118 238 0 
0 19 2 85 139 205 122 63 52 89 172 209 183 74 41 107 161 194 227 30 150 0 
0 20 10 140 130 70 22 64 190 75 142 184 78 195 112 198 17 14 232 134 137 0 
0 98 109 117 229 218 237 32 42 152 62 43 163 182 162 100 116 53 236 220 173 0 
0 55 11 131 44 8 175 128 54 164 99 174 7 127 76 219 45 77 66 196 88 51 165 197 186 171 208 0 
