総カウント数:396321
n:72 m:7
インスタンス:revised/pr13
係数β:500
RouteDistance: 662.653
bestpena:0
NeighbohList:504
AllCnt: 1826
改善回数:48
時間:16214.4
0 15 57 69 141 129 87 36 8 108 52 80 43 124 64 29 22 115 101 94 136 0 
0 25 97 2 16 6 78 74 88 71 51 58 123 65 5 143 130 137 9 44 23 77 116 81 95 72 37 109 144 0 
0 14 10 18 86 82 90 66 138 21 93 59 54 126 68 31 103 131 140 0 
0 46 118 42 60 38 110 114 47 119 132 45 117 4 76 49 53 30 102 121 67 125 39 139 111 0 
0 26 1 73 62 134 33 98 61 105 19 133 40 50 112 91 17 122 41 113 89 0 
0 27 70 142 48 99 11 120 55 83 34 106 13 127 3 85 75 0 
0 20 63 92 7 24 79 135 12 84 96 32 28 104 35 107 100 56 128 0 
