総カウント数:528594
n:96 m:9
インスタンス:revised/pr14
係数β:500
RouteDistance: 769.491
bestpena:0
NeighbohList:864
AllCnt: 2201
改善回数:59
時間:26152.7
0 10 23 119 55 106 91 68 164 151 37 187 64 53 160 77 133 173 149 0 
0 74 2 92 170 20 98 27 188 116 66 29 123 11 107 125 162 36 85 132 56 152 181 0 
0 12 21 30 108 57 60 117 126 156 28 153 80 176 93 8 124 189 104 75 48 44 144 171 140 0 
0 82 178 47 143 31 127 39 58 135 22 154 118 76 172 13 49 109 145 4 100 94 67 89 35 131 190 163 185 0 
0 32 3 128 40 136 99 90 41 69 186 137 165 14 59 110 155 0 
0 15 33 1 97 129 73 111 24 169 96 84 87 120 192 180 183 0 
0 78 43 86 182 174 70 34 139 130 19 61 166 115 52 16 157 7 148 103 95 112 191 0 
0 71 88 184 17 83 113 167 65 50 179 146 26 161 5 46 122 142 72 168 101 6 102 0 
0 9 63 51 159 79 62 105 147 158 45 175 18 54 114 42 141 138 38 25 150 81 177 121 134 0 
