総カウント数:895714
n:120 m:11
インスタンス:revised/pr15
係数β:500
RouteDistance: 995.2
bestpena:0
NeighbohList:1320
AllCnt: 3505
改善回数:43
時間:47051.8
0 100 220 23 143 73 78 41 161 193 89 45 198 209 61 75 165 79 181 195 199 0 
0 8 128 2 122 85 205 101 66 186 35 221 46 155 81 13 166 201 29 133 57 149 24 112 232 68 144 177 90 210 188 0 
0 14 134 25 113 145 91 211 58 178 233 47 36 102 3 156 167 222 123 109 229 69 80 189 200 0 
0 92 4 124 48 168 114 212 26 234 146 59 15 54 179 40 70 160 135 190 174 0 
0 49 38 60 158 104 169 95 71 180 224 5 115 125 215 191 93 235 16 27 147 213 136 82 202 0 
0 83 116 28 203 17 236 137 72 56 148 39 159 176 103 192 6 223 94 214 126 0 
0 18 138 62 182 64 111 106 231 117 184 226 37 237 67 157 84 187 204 0 
0 44 164 107 19 52 227 118 139 172 96 238 216 30 150 0 
0 51 9 12 171 53 31 173 129 132 119 239 151 20 105 225 108 42 140 228 86 97 162 217 206 0 
0 43 63 163 32 152 76 196 183 21 10 141 65 130 87 120 185 207 98 218 240 34 50 1 154 121 170 0 
0 77 88 110 7 208 197 230 127 11 33 22 153 55 74 131 194 142 99 175 219 0 
