2,16,480,3,30
0,0.000,0.000,0,0,0,480
0,0,0
1,-1.198,-5.164,3,1,0,1440
0,0,0
2,5.573,7.114,3,1,0,1440
0,0,0
3,-6.614,0.072,3,1,0,1440
0,0,0
4,-7.374,-1.107,3,1,0,1440
0,0,0
5,-9.251,8.321,3,1,0,1440
0,0,0
6,6.498,-6.036,3,1,0,1440
0,0,0
7,0.861,6.903,3,1,0,1440
0,0,0
8,3.904,-5.261,3,1,0,1440
0,0,0
9,7.976,-9.000,3,1,276,291
0,-5,1380,276,0,0,291,5,-1455
10,-2.610,0.039,3,1,32,47
0,-5,160,32,0,0,47,5,-235
11,4.487,7.142,3,1,115,130
0,-5,575,115,0,0,130,5,-650
12,8.938,-4.388,3,1,14,29
0,-5,70,14,0,0,29,5,-145
13,-4.172,-9.096,3,1,198,213
0,-5,990,198,0,0,213,5,-1065
14,7.835,-9.269,3,1,160,175
0,-5,800,160,0,0,175,5,-875
15,2.792,-7.944,3,1,180,195
0,-5,900,180,0,0,195,5,-975
16,5.212,9.271,3,1,366,381
0,-5,1830,366,0,0,381,5,-1905
17,6.687,6.731,3,-1,402,417
0,-5,2010,402,0,0,417,5,-2085
18,-2.192,-9.210,3,-1,322,337
0,-5,1610,322,0,0,337,5,-1685
19,-1.061,8.752,3,-1,179,194
0,-5,895,179,0,0,194,5,-970
20,6.883,0.882,3,-1,138,153
0,-5,690,138,0,0,153,5,-765
21,5.586,-1.554,3,-1,82,97
0,-5,410,82,0,0,97,5,-485
22,-9.865,1.398,3,-1,49,64
0,-5,245,49,0,0,64,5,-320
23,-9.800,5.697,3,-1,400,415
0,-5,2000,400,0,0,415,5,-2075
24,1.271,1.018,3,-1,298,313
0,-5,1490,298,0,0,313,5,-1565
25,4.404,-1.952,3,-1,0,1440
0,0,0
26,0.673,6.283,3,-1,0,1440
0,0,0
27,7.032,2.808,3,-1,0,1440
0,0,0
28,-0.694,-7.098,3,-1,0,1440
0,0,0
29,3.763,-7.269,3,-1,0,1440
0,0,0
30,6.634,-7.426,3,-1,0,1440
0,0,0
31,-9.450,3.792,3,-1,0,1440
0,0,0
32,-8.819,-4.749,3,-1,0,1440
0,0,0
33,0.000,0.000,0,0,0,480,0,0,0
