3,48,480,6,90
0,-1.044,2.000,0,0,0,1440
0,0,0,0,0,0,1440,0
1,-2.973,6.414,10,1,0,1440
0,0,0,0,0,0,1440,0
2,-3.066,0.546,10,1,0,1440
0,0,0,0,0,0,1440,0
3,5.164,0.547,10,1,0,1440
0,0,0,0,0,0,1440,0
4,-1.317,6.934,10,1,0,1440
0,0,0,0,0,0,1440,0
5,-6.741,6.832,10,1,0,1440
0,0,0,0,0,0,1440,0
6,4.891,0.627,10,1,0,1440
0,0,0,0,0,0,1440,0
7,0.524,2.226,10,1,0,1440
0,0,0,0,0,0,1440,0
8,-6.500,7.723,10,1,0,1440
0,0,0,0,0,0,1440,0
9,-0.417,-0.157,10,1,0,1440
0,0,0,0,0,0,1440,0
10,2.303,1.164,10,1,0,1440
0,0,0,0,0,0,1440,0
11,2.548,0.629,10,1,0,1440
0,0,0,0,0,0,1440,0
12,-4.261,-2.639,10,1,0,1440
0,0,0,0,0,0,1440,0
13,-7.667,9.934,10,1,325,358
324,5,325,0,358,0,359,5
14,-2.067,5.789,10,1,111,152
110,5,111,0,152,0,153,5
15,-5.204,0.657,10,1,395,421
394,5,395,0,421,0,422,5
16,-4.138,5.082,10,1,386,401
385,5,386,0,401,0,402,5
17,-9.194,2.759,10,1,86,114
85,5,86,0,114,0,115,5
18,-6.512,3.021,10,1,409,426
408,5,409,0,426,0,427,5
19,1.860,9.672,10,1,454,470
453,5,454,0,470,0,471,5
20,-4.094,8.321,10,1,175,202
174,5,175,0,202,0,203,5
21,-3.776,-3.333,10,1,416,453
415,5,416,0,453,0,454,5
22,2.377,2.908,10,1,147,177
146,5,147,0,177,0,178,5
23,-4.303,2.045,10,1,471,499
470,5,471,0,499,0,499,0
24,-3.530,-2.490,10,1,321,346
320,5,321,0,346,0,347,5
25,-5.476,1.437,10,-1,258,287
257,5,258,0,287,0,288,5
26,-4.933,3.337,10,-1,329,361
328,5,329,0,361,0,362,5
27,5.740,2.382,10,-1,209,252
208,5,209,0,252,0,253,5
28,-2.275,5.541,10,-1,416,460
415,5,416,0,460,0,461,5
29,-5.662,7.334,10,-1,305,349
304,5,305,0,349,0,350,5
30,-3.856,-0.370,10,-1,432,458
431,5,432,0,458,0,459,5
31,-1.678,1.954,10,-1,202,236
201,5,202,0,236,0,237,5
32,-1.156,1.161,10,-1,225,252
224,5,225,0,252,0,253,5
33,-4.655,9.797,10,-1,102,123
101,5,102,0,123,0,124,5
34,1.623,0.932,10,-1,260,276
259,5,260,0,276,0,277,5
35,0.129,0.735,10,-1,178,215
177,5,178,0,215,0,216,5
36,-2.640,2.953,10,-1,381,397
380,5,381,0,397,0,398,5
37,0.435,1.469,10,-1,0,1440
0,0,0,0,0,0,1440,0
38,-5.066,-2.313,10,-1,0,1440
0,0,0,0,0,0,1440,0
39,-2.283,-0.981,10,-1,0,1440
0,0,0,0,0,0,1440,0
40,-7.110,-1.862,10,-1,0,1440
0,0,0,0,0,0,1440,0
41,-0.785,3.207,10,-1,0,1440
0,0,0,0,0,0,1440,0
42,1.188,-2.493,10,-1,0,1440
0,0,0,0,0,0,1440,0
43,-1.893,-2.373,10,-1,0,1440
0,0,0,0,0,0,1440,0
44,-1.192,1.175,10,-1,0,1440
0,0,0,0,0,0,1440,0
45,2.984,1.163,10,-1,0,1440
0,0,0,0,0,0,1440,0
46,1.227,-5.581,10,-1,0,1440
0,0,0,0,0,0,1440,0
47,-3.793,-2.161,10,-1,0,1440
0,0,0,0,0,0,1440,0
48,4.288,-0.297,10,-1,0,1440
0,0,0,0,0,0,1440,0
