7,144,480,6,90
0,-1.839,0.112,0,0,0,1440
0,0,1,0,2,0,1440,0
1,-5.528,-2.437,10,1,0,1440
0,0,1,0,2,0,1440,0
2,-4.830,5.331,10,1,0,1440
0,0,1,0,2,0,1440,0
3,-4.907,-3.849,10,1,0,1440
0,0,1,0,2,0,1440,0
4,2.531,-1.856,10,1,0,1440
0,0,1,0,2,0,1440,0
5,-2.447,-0.382,10,1,0,1440
0,0,1,0,2,0,1440,0
6,2.459,-1.790,10,1,0,1440
0,0,1,0,2,0,1440,0
7,-1.042,6.036,10,1,0,1440
0,0,1,0,2,0,1440,0
8,3.818,-3.517,10,1,0,1440
0,0,1,0,2,0,1440,0
9,-6.828,9.307,10,1,0,1440
0,0,1,0,2,0,1440,0
10,-3.079,-5.734,10,1,0,1440
0,0,1,0,2,0,1440,0
11,-3.706,-1.212,10,1,0,1440
0,0,1,0,2,0,1440,0
12,-1.574,-4.764,10,1,0,1440
0,0,1,0,2,0,1440,0
13,-6.338,-2.292,10,1,0,1440
0,0,1,0,2,0,1440,0
14,-4.311,-4.344,10,1,0,1440
0,0,1,0,2,0,1440,0
15,-2.562,1.360,10,1,0,1440
0,0,1,0,2,0,1440,0
16,-0.263,1.663,10,1,0,1440
0,0,1,0,2,0,1440,0
17,-4.158,-2.850,10,1,0,1440
0,0,1,0,2,0,1440,0
18,0.208,1.288,10,1,0,1440
0,0,1,0,2,0,1440,0
19,0.392,-4.784,10,1,0,1440
0,0,1,0,2,0,1440,0
20,-8.329,2.632,10,1,0,1440
0,0,1,0,2,0,1440,0
21,-0.646,2.635,10,1,0,1440
0,0,1,0,2,0,1440,0
22,0.329,0.673,10,1,0,1440
0,0,1,0,2,0,1440,0
23,-3.487,3.043,10,1,0,1440
0,0,1,0,2,0,1440,0
24,1.555,-3.627,10,1,0,1440
0,0,1,0,2,0,1440,0
25,1.284,0.513,10,1,0,1440
0,0,1,0,2,0,1440,0
26,-4.845,-2.443,10,1,0,1440
0,0,1,0,2,0,1440,0
27,-8.854,-1.046,10,1,0,1440
0,0,1,0,2,0,1440,0
28,-2.977,0.100,10,1,0,1440
0,0,1,0,2,0,1440,0
29,0.983,3.842,10,1,0,1440
0,0,1,0,2,0,1440,0
30,0.141,9.294,10,1,0,1440
0,0,1,0,2,0,1440,0
31,-7.930,1.538,10,1,0,1440
0,0,1,0,2,0,1440,0
32,-3.065,4.006,10,1,0,1440
0,0,1,0,2,0,1440,0
33,1.893,2.164,10,1,0,1440
0,0,1,0,2,0,1440,0
34,4.509,-5.991,10,1,0,1440
0,0,1,0,2,0,1440,0
35,-3.495,-0.382,10,1,0,1440
0,0,1,0,2,0,1440,0
36,8.120,-7.474,10,1,0,1440
0,0,1,0,2,0,1440,0
37,1.559,-2.845,10,1,285,306
284,1,285,0,306,0,307,1
38,-7.219,2.955,10,1,428,464
427,1,428,0,464,0,465,1
39,-4.291,-2.268,10,1,257,299
256,1,257,0,299,0,300,1
40,-7.639,-5.749,10,1,281,300
280,1,281,0,300,0,301,1
41,-2.854,1.207,10,1,472,506
471,1,472,0,505,0,506,0
42,-6.139,2.653,10,1,113,130
112,1,113,0,130,0,131,1
43,-0.847,1.262,10,1,159,188
158,1,159,0,188,0,189,1
44,-6.147,3.339,10,1,316,344
315,1,316,0,344,0,345,1
45,-3.467,-2.759,10,1,471,513
470,1,471,0,512,0,513,0
46,1.031,-1.252,10,1,142,167
141,1,142,0,167,0,168,1
47,-8.301,7.700,10,1,440,469
439,1,440,0,469,0,470,1
48,-4.042,4.999,10,1,377,411
376,1,377,0,411,0,412,1
49,8.383,3.391,10,1,265,292
264,1,265,0,292,0,293,1
50,-2.056,-7.583,10,1,387,402
386,1,387,0,402,0,403,1
51,1.544,-1.872,10,1,185,220
184,1,185,0,220,0,221,1
52,-5.994,-6.580,10,1,171,211
170,1,171,0,211,0,212,1
53,0.515,4.781,10,1,433,452
432,1,433,0,452,0,453,1
54,4.601,1.499,10,1,286,311
285,1,286,0,311,0,312,1
55,8.298,-0.166,10,1,86,102
85,1,86,0,102,0,103,1
56,3.989,-3.892,10,1,277,293
276,1,277,0,293,0,294,1
57,9.084,-8.354,10,1,361,395
360,1,361,0,395,0,396,1
58,0.707,0.007,10,1,112,155
111,1,112,0,155,0,156,1
59,1.896,4.009,10,1,111,148
110,1,111,0,148,0,149,1
60,-8.049,5.821,10,1,236,254
235,1,236,0,254,0,255,1
61,6.446,-6.295,10,1,337,370
336,1,337,0,370,0,371,1
62,-4.362,-2.612,10,1,252,283
251,1,252,0,283,0,284,1
63,-1.841,1.030,10,1,105,126
104,1,105,0,126,0,127,1
64,-4.392,6.325,10,1,146,178
145,1,146,0,178,0,179,1
65,1.135,2.622,10,1,320,364
319,1,320,0,364,0,365,1
66,-0.700,3.824,10,1,317,359
316,1,317,0,359,0,360,1
67,7.408,-3.422,10,1,340,381
339,1,340,0,381,0,382,1
68,1.430,-0.080,10,1,376,407
375,1,376,0,407,0,408,1
69,-9.414,-4.878,10,1,67,90
66,1,67,0,90,0,91,1
70,1.533,-4.217,10,1,445,462
444,1,445,0,462,0,463,1
71,-4.664,-1.646,10,1,210,238
209,1,210,0,238,0,239,1
72,-0.096,-8.100,10,1,114,131
113,1,114,0,131,0,132,1
73,-3.744,-4.251,10,-1,94,116
93,1,94,0,116,0,117,1
74,-0.368,-6.907,10,-1,73,94
72,1,73,0,94,0,95,1
75,3.489,-2.090,10,-1,474,502
473,1,474,0,501,0,502,0
76,4.554,5.141,10,-1,188,222
187,1,188,0,222,0,223,1
77,-3.193,8.824,10,-1,88,125
87,1,88,0,125,0,126,1
78,-1.358,-2.696,10,-1,149,169
148,1,149,0,169,0,170,1
79,1.265,-4.834,10,-1,471,498
470,1,471,0,497,0,498,0
80,-4.618,-3.827,10,-1,383,415
382,1,383,0,415,0,416,1
81,-2.962,3.508,10,-1,231,257
230,1,231,0,257,0,258,1
82,1.370,4.399,10,-1,277,294
276,1,277,0,294,0,295,1
83,3.834,-4.634,10,-1,169,192
168,1,169,0,192,0,193,1
84,-2.623,2.451,10,-1,326,349
325,1,326,0,349,0,350,1
85,9.001,-4.364,10,-1,296,327
295,1,296,0,327,0,328,1
86,-0.700,2.252,10,-1,211,253
210,1,211,0,253,0,254,1
87,-2.999,-2.885,10,-1,475,504
474,1,475,0,503,0,504,0
88,-5.627,-6.474,10,-1,479,496
478,1,479,0,495,0,496,0
89,-8.742,9.080,10,-1,371,386
370,1,371,0,386,0,387,1
90,-0.576,5.403,10,-1,176,212
175,1,176,0,212,0,213,1
91,-3.484,-2.718,10,-1,263,295
262,1,263,0,295,0,296,1
92,-1.648,1.618,10,-1,219,250
218,1,219,0,250,0,251,1
93,2.371,2.949,10,-1,206,238
205,1,206,0,238,0,239,1
94,-4.099,4.659,10,-1,365,389
364,1,365,0,389,0,390,1
95,-5.352,-2.162,10,-1,65,94
64,1,65,0,94,0,95,1
96,-1.756,3.749,10,-1,449,476
448,1,449,0,476,0,477,1
97,-3.731,5.684,10,-1,430,458
429,1,430,0,458,0,459,1
98,7.152,2.251,10,-1,269,288
268,1,269,0,288,0,289,1
99,-4.186,2.771,10,-1,361,379
360,1,361,0,379,0,380,1
100,1.482,-8.212,10,-1,236,259
235,1,236,0,259,0,260,1
101,3.032,-5.532,10,-1,348,386
347,1,348,0,386,0,387,1
102,-3.917,4.800,10,-1,146,181
145,1,146,0,181,0,182,1
103,-9.442,1.519,10,-1,173,194
172,1,173,0,194,0,195,1
104,-0.781,1.127,10,-1,374,389
373,1,374,0,389,0,390,1
105,2.857,-4.991,10,-1,159,174
158,1,159,0,174,0,175,1
106,-2.065,2.455,10,-1,372,408
371,1,372,0,408,0,409,1
107,-3.096,-1.890,10,-1,316,334
315,1,316,0,334,0,335,1
108,0.172,-2.045,10,-1,310,343
309,1,310,0,343,0,344,1
109,-3.101,-2.111,10,-1,0,1440
0,0,1,0,2,0,1440,0
110,-8.572,-2.801,10,-1,0,1440
0,0,1,0,2,0,1440,0
111,5.883,-6.304,10,-1,0,1440
0,0,1,0,2,0,1440,0
112,-1.575,-5.269,10,-1,0,1440
0,0,1,0,2,0,1440,0
113,-7.166,5.118,10,-1,0,1440
0,0,1,0,2,0,1440,0
114,-9.263,-0.660,10,-1,0,1440
0,0,1,0,2,0,1440,0
115,3.351,-4.926,10,-1,0,1440
0,0,1,0,2,0,1440,0
116,5.931,5.409,10,-1,0,1440
0,0,1,0,2,0,1440,0
117,3.074,-2.844,10,-1,0,1440
0,0,1,0,2,0,1440,0
118,-5.590,1.846,10,-1,0,1440
0,0,1,0,2,0,1440,0
119,-8.996,-3.953,10,-1,0,1440
0,0,1,0,2,0,1440,0
120,3.644,2.082,10,-1,0,1440
0,0,1,0,2,0,1440,0
121,-5.367,-5.643,10,-1,0,1440
0,0,1,0,2,0,1440,0
122,-3.187,3.254,10,-1,0,1440
0,0,1,0,2,0,1440,0
123,0.566,1.276,10,-1,0,1440
0,0,1,0,2,0,1440,0
124,-5.290,4.280,10,-1,0,1440
0,0,1,0,2,0,1440,0
125,4.713,-4.546,10,-1,0,1440
0,0,1,0,2,0,1440,0
126,3.079,0.987,10,-1,0,1440
0,0,1,0,2,0,1440,0
127,-4.521,-5.629,10,-1,0,1440
0,0,1,0,2,0,1440,0
128,1.092,1.331,10,-1,0,1440
0,0,1,0,2,0,1440,0
129,-3.299,-3.400,10,-1,0,1440
0,0,1,0,2,0,1440,0
130,-4.087,3.058,10,-1,0,1440
0,0,1,0,2,0,1440,0
131,-6.935,8.041,10,-1,0,1440
0,0,1,0,2,0,1440,0
132,-5.897,-2.954,10,-1,0,1440
0,0,1,0,2,0,1440,0
133,-3.685,-3.371,10,-1,0,1440
0,0,1,0,2,0,1440,0
134,-2.182,6.537,10,-1,0,1440
0,0,1,0,2,0,1440,0
135,2.298,-4.101,10,-1,0,1440
0,0,1,0,2,0,1440,0
136,-7.756,5.981,10,-1,0,1440
0,0,1,0,2,0,1440,0
137,-4.720,6.772,10,-1,0,1440
0,0,1,0,2,0,1440,0
138,-2.161,3.517,10,-1,0,1440
0,0,1,0,2,0,1440,0
139,-5.568,-3.138,10,-1,0,1440
0,0,1,0,2,0,1440,0
140,-8.523,8.879,10,-1,0,1440
0,0,1,0,2,0,1440,0
141,-0.392,-6.353,10,-1,0,1440
0,0,1,0,2,0,1440,0
142,-5.856,5.938,10,-1,0,1440
0,0,1,0,2,0,1440,0
143,-2.454,1.494,10,-1,0,1440
0,0,1,0,2,0,1440,0
144,-4.878,1.697,10,-1,0,1440
0,0,1,0,2,0,1440,0
