9,192,480,6,90
0,-1.228,0.916,0,0,0,1440
0,0,1,0,2,0,1440,0
1,-4.463,-5.564,10,1,0,1440
0,0,1,0,2,0,1440,0
2,3.610,6.494,10,1,0,1440
0,0,1,0,2,0,1440,0
3,-2.547,4.458,10,1,0,1440
0,0,1,0,2,0,1440,0
4,-3.395,-7.306,10,1,0,1440
0,0,1,0,2,0,1440,0
5,4.565,3.573,10,1,0,1440
0,0,1,0,2,0,1440,0
6,1.495,-3.672,10,1,0,1440
0,0,1,0,2,0,1440,0
7,-0.148,4.720,10,1,0,1440
0,0,1,0,2,0,1440,0
8,0.215,-4.091,10,1,0,1440
0,0,1,0,2,0,1440,0
9,2.299,0.140,10,1,0,1440
0,0,1,0,2,0,1440,0
10,-2.886,0.596,10,1,0,1440
0,0,1,0,2,0,1440,0
11,-4.812,9.412,10,1,0,1440
0,0,1,0,2,0,1440,0
12,0.724,1.732,10,1,0,1440
0,0,1,0,2,0,1440,0
13,0.461,2.705,10,1,0,1440
0,0,1,0,2,0,1440,0
14,-1.397,2.820,10,1,0,1440
0,0,1,0,2,0,1440,0
15,1.295,-1.169,10,1,0,1440
0,0,1,0,2,0,1440,0
16,-3.667,2.310,10,1,0,1440
0,0,1,0,2,0,1440,0
17,-0.422,-4.931,10,1,0,1440
0,0,1,0,2,0,1440,0
18,0.109,-0.714,10,1,0,1440
0,0,1,0,2,0,1440,0
19,-5.696,2.791,10,1,0,1440
0,0,1,0,2,0,1440,0
20,-8.099,-7.769,10,1,0,1440
0,0,1,0,2,0,1440,0
21,7.226,5.903,10,1,0,1440
0,0,1,0,2,0,1440,0
22,-2.166,0.164,10,1,0,1440
0,0,1,0,2,0,1440,0
23,-2.015,-6.242,10,1,0,1440
0,0,1,0,2,0,1440,0
24,-4.816,0.629,10,1,0,1440
0,0,1,0,2,0,1440,0
25,-0.508,6.160,10,1,0,1440
0,0,1,0,2,0,1440,0
26,1.714,-4.705,10,1,0,1440
0,0,1,0,2,0,1440,0
27,-1.606,0.856,10,1,0,1440
0,0,1,0,2,0,1440,0
28,0.668,-2.707,10,1,0,1440
0,0,1,0,2,0,1440,0
29,1.503,-3.498,10,1,0,1440
0,0,1,0,2,0,1440,0
30,3.795,7.391,10,1,0,1440
0,0,1,0,2,0,1440,0
31,-4.120,-4.302,10,1,0,1440
0,0,1,0,2,0,1440,0
32,3.254,1.179,10,1,0,1440
0,0,1,0,2,0,1440,0
33,-2.031,-2.024,10,1,0,1440
0,0,1,0,2,0,1440,0
34,-3.548,1.914,10,1,0,1440
0,0,1,0,2,0,1440,0
35,5.804,5.666,10,1,0,1440
0,0,1,0,2,0,1440,0
36,-3.669,-0.626,10,1,0,1440
0,0,1,0,2,0,1440,0
37,0.045,-4.673,10,1,0,1440
0,0,1,0,2,0,1440,0
38,-1.969,3.898,10,1,0,1440
0,0,1,0,2,0,1440,0
39,-4.734,2.091,10,1,0,1440
0,0,1,0,2,0,1440,0
40,-7.924,-5.768,10,1,0,1440
0,0,1,0,2,0,1440,0
41,0.560,-3.408,10,1,0,1440
0,0,1,0,2,0,1440,0
42,3.445,-0.829,10,1,0,1440
0,0,1,0,2,0,1440,0
43,1.850,-5.115,10,1,0,1440
0,0,1,0,2,0,1440,0
44,-0.435,-4.452,10,1,0,1440
0,0,1,0,2,0,1440,0
45,-1.415,-7.416,10,1,0,1440
0,0,1,0,2,0,1440,0
46,1.987,7.752,10,1,0,1440
0,0,1,0,2,0,1440,0
47,-5.008,1.787,10,1,0,1440
0,0,1,0,2,0,1440,0
48,4.279,-7.988,10,1,0,1440
0,0,1,0,2,0,1440,0
49,0.152,-2.903,10,1,254,296
253,1,254,0,296,0,297,1
50,1.473,-0.344,10,1,379,401
378,1,379,0,401,0,402,1
51,-2.617,-4.900,10,1,108,151
107,1,108,0,151,0,152,1
52,-6.387,-0.527,10,1,211,229
210,1,211,0,229,0,230,1
53,-5.414,0.709,10,1,467,504
466,1,467,0,503,0,504,0
54,1.793,-3.409,10,1,217,261
216,1,217,0,261,0,262,1
55,-9.871,3.455,10,1,89,127
88,1,89,0,127,0,128,1
56,2.880,-0.858,10,1,307,350
306,1,307,0,350,0,351,1
57,0.272,9.059,10,1,227,264
226,1,227,0,264,0,265,1
58,-3.102,4.894,10,1,378,422
377,1,378,0,422,0,423,1
59,-4.655,4.232,10,1,429,449
428,1,429,0,449,0,450,1
60,2.729,5.818,10,1,404,424
403,1,404,0,424,0,425,1
61,2.881,-2.803,10,1,202,219
201,1,202,0,219,0,220,1
62,-2.610,1.133,10,1,69,87
68,1,69,0,87,0,88,1
63,0.054,-2.622,10,1,178,198
177,1,178,0,198,0,199,1
64,-5.046,0.781,10,1,453,490
452,1,453,0,489,0,490,0
65,3.000,1.909,10,1,102,137
101,1,102,0,137,0,138,1
66,-1.260,2.206,10,1,471,492
470,1,471,0,491,0,492,0
67,2.201,-0.864,10,1,327,352
326,1,327,0,352,0,353,1
68,0.894,0.287,10,1,195,228
194,1,195,0,228,0,229,1
69,-1.981,0.092,10,1,95,130
94,1,95,0,130,0,131,1
70,-0.423,3.125,10,1,309,328
308,1,309,0,328,0,329,1
71,1.798,-0.041,10,1,255,275
254,1,255,0,275,0,276,1
72,-0.235,4.294,10,1,99,139
98,1,99,0,139,0,140,1
73,-1.652,6.808,10,1,459,499
458,1,459,0,498,0,499,0
74,-0.119,4.202,10,1,409,448
408,1,409,0,448,0,449,1
75,5.663,-4.402,10,1,78,112
77,1,78,0,112,0,113,1
76,5.748,3.550,10,1,67,93
66,1,67,0,93,0,94,1
77,-2.610,0.748,10,1,373,389
372,1,373,0,389,0,390,1
78,0.749,-5.724,10,1,267,282
266,1,267,0,282,0,283,1
79,-2.209,5.578,10,1,158,185
157,1,158,0,185,0,186,1
80,1.987,3.882,10,1,385,410
384,1,385,0,410,0,411,1
81,0.531,4.922,10,1,113,150
112,1,113,0,150,0,151,1
82,1.515,0.630,10,1,291,328
290,1,291,0,328,0,329,1
83,0.548,-3.150,10,1,100,141
99,1,100,0,141,0,142,1
84,0.796,-2.866,10,1,215,235
214,1,215,0,235,0,236,1
85,-7.581,0.401,10,1,300,343
299,1,300,0,343,0,344,1
86,-4.367,-6.165,10,1,201,217
200,1,201,0,217,0,218,1
87,-0.258,-6.214,10,1,122,149
121,1,122,0,149,0,150,1
88,-1.884,-3.688,10,1,439,457
438,1,439,0,457,0,458,1
89,2.084,2.117,10,1,178,215
177,1,178,0,215,0,216,1
90,0.314,-1.922,10,1,450,474
449,1,450,0,474,0,475,1
91,-2.036,1.888,10,1,223,266
222,1,223,0,266,0,267,1
92,-0.090,-5.494,10,1,357,376
356,1,357,0,376,0,377,1
93,-2.955,0.928,10,1,474,495
473,1,474,0,494,0,495,0
94,0.505,-3.505,10,1,129,150
128,1,129,0,150,0,151,1
95,2.776,4.871,10,1,325,368
324,1,325,0,368,0,369,1
96,1.208,-4.235,10,1,294,331
293,1,294,0,331,0,332,1
97,-5.127,4.114,10,-1,353,371
352,1,353,0,371,0,372,1
98,-2.908,0.429,10,-1,279,317
278,1,279,0,317,0,318,1
99,-1.855,-1.482,10,-1,473,514
472,1,473,0,513,0,514,0
100,0.786,-4.945,10,-1,470,501
469,1,470,0,500,0,501,0
101,-1.912,-3.209,10,-1,419,443
418,1,419,0,443,0,444,1
102,1.765,-5.227,10,-1,310,325
309,1,310,0,325,0,326,1
103,1.691,-6.296,10,-1,372,402
371,1,372,0,402,0,403,1
104,1.899,0.622,10,-1,104,119
103,1,104,0,119,0,120,1
105,-6.888,-6.454,10,-1,159,175
158,1,159,0,175,0,176,1
106,-1.336,2.026,10,-1,208,241
207,1,208,0,241,0,242,1
107,-4.444,6.372,10,-1,473,489
472,1,473,0,488,0,489,0
108,-0.650,7.144,10,-1,379,423
378,1,379,0,423,0,424,1
109,-5.198,2.541,10,-1,170,212
169,1,170,0,212,0,213,1
110,-0.074,5.949,10,-1,141,182
140,1,141,0,182,0,183,1
111,-6.468,8.304,10,-1,425,462
424,1,425,0,462,0,463,1
112,-1.127,-3.594,10,-1,335,367
334,1,335,0,367,0,368,1
113,-1.686,0.778,10,-1,423,443
422,1,423,0,443,0,444,1
114,1.984,-4.981,10,-1,213,253
212,1,213,0,253,0,254,1
115,-1.628,-0.294,10,-1,89,114
88,1,89,0,114,0,115,1
116,0.836,6.704,10,-1,230,272
229,1,230,0,272,0,273,1
117,3.088,2.432,10,-1,335,350
334,1,335,0,350,0,351,1
118,9.352,-2.023,10,-1,451,477
450,1,451,0,477,0,478,1
119,-0.933,-5.618,10,-1,271,287
270,1,271,0,287,0,288,1
120,-3.444,-6.331,10,-1,238,275
237,1,238,0,275,0,276,1
121,2.094,-0.565,10,-1,91,129
90,1,91,0,129,0,130,1
122,-0.342,8.959,10,-1,213,229
212,1,213,0,229,0,230,1
123,-1.874,4.523,10,-1,413,431
412,1,413,0,431,0,432,1
124,0.243,-3.052,10,-1,73,91
72,1,73,0,91,0,92,1
125,-2.886,5.662,10,-1,83,104
82,1,83,0,104,0,105,1
126,7.688,-2.990,10,-1,60,102
59,1,60,0,102,0,103,1
127,-9.047,1.028,10,-1,472,506
471,1,472,0,505,0,506,0
128,-3.510,4.655,10,-1,267,307
266,1,267,0,307,0,308,1
129,-4.840,4.385,10,-1,410,450
409,1,410,0,450,0,451,1
130,-4.100,2.670,10,-1,351,393
350,1,351,0,393,0,394,1
131,1.370,3.461,10,-1,144,162
143,1,144,0,162,0,163,1
132,-7.147,1.145,10,-1,409,449
408,1,409,0,449,0,450,1
133,-3.623,5.190,10,-1,103,140
102,1,103,0,140,0,141,1
134,-3.947,0.491,10,-1,167,200
166,1,167,0,200,0,201,1
135,-1.657,2.377,10,-1,397,432
396,1,397,0,432,0,433,1
136,1.075,-2.855,10,-1,205,246
204,1,205,0,246,0,247,1
137,-2.303,4.702,10,-1,253,289
252,1,253,0,289,0,290,1
138,-0.881,2.122,10,-1,454,478
453,1,454,0,478,0,479,1
139,-4.004,2.744,10,-1,412,456
411,1,412,0,456,0,457,1
140,-3.744,-4.104,10,-1,230,271
229,1,230,0,271,0,272,1
141,4.822,0.009,10,-1,143,170
142,1,143,0,170,0,171,1
142,-0.032,6.824,10,-1,404,424
403,1,404,0,424,0,425,1
143,-1.429,-3.342,10,-1,86,110
85,1,86,0,110,0,111,1
144,-0.144,-3.481,10,-1,340,383
339,1,340,0,383,0,384,1
145,-3.445,4.235,10,-1,0,1440
0,0,1,0,2,0,1440,0
146,0.868,-6.618,10,-1,0,1440
0,0,1,0,2,0,1440,0
147,-6.125,-5.137,10,-1,0,1440
0,0,1,0,2,0,1440,0
148,-0.109,0.991,10,-1,0,1440
0,0,1,0,2,0,1440,0
149,-1.657,6.655,10,-1,0,1440
0,0,1,0,2,0,1440,0
150,0.844,5.284,10,-1,0,1440
0,0,1,0,2,0,1440,0
151,-2.203,-3.690,10,-1,0,1440
0,0,1,0,2,0,1440,0
152,1.577,1.732,10,-1,0,1440
0,0,1,0,2,0,1440,0
153,0.900,-1.869,10,-1,0,1440
0,0,1,0,2,0,1440,0
154,-0.458,0.349,10,-1,0,1440
0,0,1,0,2,0,1440,0
155,0.887,4.066,10,-1,0,1440
0,0,1,0,2,0,1440,0
156,2.609,-3.397,10,-1,0,1440
0,0,1,0,2,0,1440,0
157,-3.250,3.953,10,-1,0,1440
0,0,1,0,2,0,1440,0
158,-3.263,-8.258,10,-1,0,1440
0,0,1,0,2,0,1440,0
159,-9.849,2.202,10,-1,0,1440
0,0,1,0,2,0,1440,0
160,-5.905,0.416,10,-1,0,1440
0,0,1,0,2,0,1440,0
161,0.743,-0.257,10,-1,0,1440
0,0,1,0,2,0,1440,0
162,-5.960,1.247,10,-1,0,1440
0,0,1,0,2,0,1440,0
163,-1.122,-3.183,10,-1,0,1440
0,0,1,0,2,0,1440,0
164,-1.681,-3.504,10,-1,0,1440
0,0,1,0,2,0,1440,0
165,2.186,1.814,10,-1,0,1440
0,0,1,0,2,0,1440,0
166,4.504,-6.132,10,-1,0,1440
0,0,1,0,2,0,1440,0
167,-4.882,2.557,10,-1,0,1440
0,0,1,0,2,0,1440,0
168,-3.218,-1.674,10,-1,0,1440
0,0,1,0,2,0,1440,0
169,1.244,-4.149,10,-1,0,1440
0,0,1,0,2,0,1440,0
170,-2.108,-7.708,10,-1,0,1440
0,0,1,0,2,0,1440,0
171,-1.782,-1.852,10,-1,0,1440
0,0,1,0,2,0,1440,0
172,4.833,9.352,10,-1,0,1440
0,0,1,0,2,0,1440,0
173,-1.868,4.901,10,-1,0,1440
0,0,1,0,2,0,1440,0
174,1.214,3.004,10,-1,0,1440
0,0,1,0,2,0,1440,0
175,0.311,-4.030,10,-1,0,1440
0,0,1,0,2,0,1440,0
176,1.713,3.708,10,-1,0,1440
0,0,1,0,2,0,1440,0
177,2.258,0.084,10,-1,0,1440
0,0,1,0,2,0,1440,0
178,-3.043,5.294,10,-1,0,1440
0,0,1,0,2,0,1440,0
179,3.377,-6.711,10,-1,0,1440
0,0,1,0,2,0,1440,0
180,0.541,0.153,10,-1,0,1440
0,0,1,0,2,0,1440,0
181,7.216,3.010,10,-1,0,1440
0,0,1,0,2,0,1440,0
182,-2.411,-3.462,10,-1,0,1440
0,0,1,0,2,0,1440,0
183,1.741,7.515,10,-1,0,1440
0,0,1,0,2,0,1440,0
184,1.064,-6.005,10,-1,0,1440
0,0,1,0,2,0,1440,0
185,-0.518,-4.900,10,-1,0,1440
0,0,1,0,2,0,1440,0
186,-1.934,2.112,10,-1,0,1440
0,0,1,0,2,0,1440,0
187,-4.680,-1.466,10,-1,0,1440
0,0,1,0,2,0,1440,0
188,-1.678,4.344,10,-1,0,1440
0,0,1,0,2,0,1440,0
189,1.409,-1.361,10,-1,0,1440
0,0,1,0,2,0,1440,0
190,-2.106,2.602,10,-1,0,1440
0,0,1,0,2,0,1440,0
191,3.981,-4.067,10,-1,0,1440
0,0,1,0,2,0,1440,0
192,5.206,3.033,10,-1,0,1440
0,0,1,0,2,0,1440,0
