11,240,480,6,90
0,0.868,-1.044,0,0,0,1440
0,0,1,0,2,0,1440,0
1,6.599,-4.983,10,1,0,1440
0,0,1,0,2,0,1440,0
2,-3.694,-3.674,10,1,0,1440
0,0,1,0,2,0,1440,0
3,-0.273,1.877,10,1,0,1440
0,0,1,0,2,0,1440,0
4,3.112,-3.591,10,1,0,1440
0,0,1,0,2,0,1440,0
5,0.279,0.801,10,1,0,1440
0,0,1,0,2,0,1440,0
6,3.115,4.367,10,1,0,1440
0,0,1,0,2,0,1440,0
7,-3.630,-2.131,10,1,0,1440
0,0,1,0,2,0,1440,0
8,5.281,3.505,10,1,0,1440
0,0,1,0,2,0,1440,0
9,1.127,2.066,10,1,0,1440
0,0,1,0,2,0,1440,0
10,-0.062,2.311,10,1,0,1440
0,0,1,0,2,0,1440,0
11,4.309,-1.236,10,1,0,1440
0,0,1,0,2,0,1440,0
12,0.685,1.907,10,1,0,1440
0,0,1,0,2,0,1440,0
13,-0.685,2.532,10,1,0,1440
0,0,1,0,2,0,1440,0
14,-2.793,-2.371,10,1,0,1440
0,0,1,0,2,0,1440,0
15,3.324,-3.049,10,1,0,1440
0,0,1,0,2,0,1440,0
16,6.388,-5.288,10,1,0,1440
0,0,1,0,2,0,1440,0
17,-1.367,-4.394,10,1,0,1440
0,0,1,0,2,0,1440,0
18,-0.065,-2.750,10,1,0,1440
0,0,1,0,2,0,1440,0
19,5.941,-4.926,10,1,0,1440
0,0,1,0,2,0,1440,0
20,2.717,-0.571,10,1,0,1440
0,0,1,0,2,0,1440,0
21,7.000,-2.084,10,1,0,1440
0,0,1,0,2,0,1440,0
22,3.533,-6.517,10,1,0,1440
0,0,1,0,2,0,1440,0
23,-1.439,-4.224,10,1,0,1440
0,0,1,0,2,0,1440,0
24,1.937,3.027,10,1,0,1440
0,0,1,0,2,0,1440,0
25,-3.979,1.010,10,1,0,1440
0,0,1,0,2,0,1440,0
26,-1.575,-4.020,10,1,0,1440
0,0,1,0,2,0,1440,0
27,-2.842,-4.050,10,1,0,1440
0,0,1,0,2,0,1440,0
28,2.708,0.973,10,1,0,1440
0,0,1,0,2,0,1440,0
29,2.220,-0.922,10,1,0,1440
0,0,1,0,2,0,1440,0
30,-0.083,-0.653,10,1,0,1440
0,0,1,0,2,0,1440,0
31,1.022,7.553,10,1,0,1440
0,0,1,0,2,0,1440,0
32,0.745,1.850,10,1,0,1440
0,0,1,0,2,0,1440,0
33,4.891,-2.029,10,1,0,1440
0,0,1,0,2,0,1440,0
34,-1.896,-2.968,10,1,0,1440
0,0,1,0,2,0,1440,0
35,1.682,-0.666,10,1,0,1440
0,0,1,0,2,0,1440,0
36,0.251,-3.042,10,1,0,1440
0,0,1,0,2,0,1440,0
37,1.542,0.491,10,1,0,1440
0,0,1,0,2,0,1440,0
38,6.031,8.980,10,1,0,1440
0,0,1,0,2,0,1440,0
39,4.040,-4.537,10,1,0,1440
0,0,1,0,2,0,1440,0
40,-2.684,-5.427,10,1,0,1440
0,0,1,0,2,0,1440,0
41,6.917,7.258,10,1,0,1440
0,0,1,0,2,0,1440,0
42,-2.282,4.617,10,1,0,1440
0,0,1,0,2,0,1440,0
43,-1.426,-3.025,10,1,0,1440
0,0,1,0,2,0,1440,0
44,7.605,1.207,10,1,0,1440
0,0,1,0,2,0,1440,0
45,6.304,6.002,10,1,0,1440
0,0,1,0,2,0,1440,0
46,-2.024,-8.197,10,1,0,1440
0,0,1,0,2,0,1440,0
47,-4.117,-4.202,10,1,0,1440
0,0,1,0,2,0,1440,0
48,7.920,-2.902,10,1,0,1440
0,0,1,0,2,0,1440,0
49,-2.073,-0.707,10,1,0,1440
0,0,1,0,2,0,1440,0
50,-0.416,-5.350,10,1,0,1440
0,0,1,0,2,0,1440,0
51,3.959,-4.046,10,1,0,1440
0,0,1,0,2,0,1440,0
52,-4.713,-7.785,10,1,0,1440
0,0,1,0,2,0,1440,0
53,-0.123,4.918,10,1,0,1440
0,0,1,0,2,0,1440,0
54,-0.037,-2.726,10,1,0,1440
0,0,1,0,2,0,1440,0
55,3.154,-0.872,10,1,0,1440
0,0,1,0,2,0,1440,0
56,-0.013,-2.026,10,1,0,1440
0,0,1,0,2,0,1440,0
57,6.639,-2.669,10,1,0,1440
0,0,1,0,2,0,1440,0
58,0.610,-6.409,10,1,0,1440
0,0,1,0,2,0,1440,0
59,1.354,-2.087,10,1,0,1440
0,0,1,0,2,0,1440,0
60,5.421,-0.654,10,1,0,1440
0,0,1,0,2,0,1440,0
61,2.205,-3.414,10,1,439,465
438,1,439,0,465,0,466,1
62,-0.972,0.471,10,1,220,241
219,1,220,0,241,0,242,1
63,-1.158,-4.686,10,1,159,176
158,1,159,0,176,0,177,1
64,-0.290,-0.030,10,1,161,188
160,1,161,0,188,0,189,1
65,1.384,-4.445,10,1,87,118
86,1,87,0,118,0,119,1
66,1.748,2.775,10,1,396,416
395,1,396,0,416,0,417,1
67,0.297,-4.369,10,1,178,197
177,1,178,0,197,0,198,1
68,-4.435,-3.820,10,1,275,309
274,1,275,0,309,0,310,1
69,-5.940,0.151,10,1,198,222
197,1,198,0,222,0,223,1
70,-1.345,-7.553,10,1,148,171
147,1,148,0,171,0,172,1
71,-0.552,-5.195,10,1,169,193
168,1,169,0,193,0,194,1
72,-0.959,-2.688,10,1,209,238
208,1,209,0,238,0,239,1
73,1.932,2.950,10,1,449,467
448,1,449,0,467,0,468,1
74,2.625,3.674,10,1,250,290
249,1,250,0,290,0,291,1
75,4.371,-2.803,10,1,207,230
206,1,207,0,230,0,231,1
76,-5.203,-3.534,10,1,308,330
307,1,308,0,330,0,331,1
77,-0.844,-0.012,10,1,339,383
338,1,339,0,383,0,384,1
78,8.911,6.212,10,1,261,303
260,1,261,0,303,0,304,1
79,0.607,-1.613,10,1,81,117
80,1,81,0,117,0,118,1
80,2.709,-0.510,10,1,197,215
196,1,197,0,215,0,216,1
81,2.753,-1.534,10,1,177,195
176,1,177,0,195,0,196,1
82,4.251,3.206,10,1,192,223
191,1,192,0,223,0,224,1
83,2.531,1.269,10,1,176,215
175,1,176,0,215,0,216,1
84,4.778,-1.277,10,1,146,179
145,1,146,0,179,0,180,1
85,-0.314,-1.384,10,1,119,146
118,1,119,0,146,0,147,1
86,1.248,-7.810,10,1,432,459
431,1,432,0,459,0,460,1
87,-2.104,-0.343,10,1,361,383
360,1,361,0,383,0,384,1
88,-0.315,-5.543,10,1,425,459
424,1,425,0,459,0,460,1
89,5.301,8.490,10,1,208,232
207,1,208,0,232,0,233,1
90,3.564,-4.755,10,1,274,310
273,1,274,0,310,0,311,1
91,4.343,-1.844,10,1,311,329
310,1,311,0,329,0,330,1
92,0.660,-5.458,10,1,464,486
463,1,464,0,485,0,486,0
93,8.795,9.401,10,1,92,120
91,1,92,0,120,0,121,1
94,3.910,-4.874,10,1,130,148
129,1,130,0,148,0,149,1
95,-4.834,-2.648,10,1,129,158
128,1,129,0,158,0,159,1
96,7.200,-0.925,10,1,163,191
162,1,163,0,191,0,192,1
97,-3.773,0.335,10,1,321,352
320,1,321,0,352,0,353,1
98,-6.597,-3.675,10,1,62,103
61,1,62,0,103,0,104,1
99,-1.667,-3.528,10,1,223,244
222,1,223,0,244,0,245,1
100,1.074,-0.467,10,1,272,302
271,1,272,0,302,0,303,1
101,1.559,-0.582,10,1,323,349
322,1,323,0,349,0,350,1
102,2.161,-1.811,10,1,451,476
450,1,451,0,476,0,477,1
103,0.978,4.928,10,1,326,365
325,1,326,0,365,0,366,1
104,9.415,-0.449,10,1,476,520
475,1,476,0,519,0,520,0
105,1.038,-1.630,10,1,114,144
113,1,114,0,144,0,145,1
106,-0.145,-0.086,10,1,350,386
349,1,350,0,386,0,387,1
107,-0.622,2.530,10,1,313,347
312,1,313,0,347,0,348,1
108,-0.625,1.022,10,1,477,512
476,1,477,0,511,0,512,0
109,-1.744,-7.080,10,1,100,119
99,1,100,0,119,0,120,1
110,-5.509,-4.385,10,1,401,423
400,1,401,0,423,0,424,1
111,-0.944,2.372,10,1,336,352
335,1,336,0,352,0,353,1
112,0.898,3.541,10,1,356,379
355,1,356,0,379,0,380,1
113,-1.675,-0.081,10,1,320,356
319,1,320,0,356,0,357,1
114,6.685,-3.784,10,1,135,150
134,1,135,0,150,0,151,1
115,1.472,-2.372,10,1,448,483
447,1,448,0,482,0,483,0
116,3.347,2.003,10,1,287,318
286,1,287,0,318,0,319,1
117,6.639,-7.011,10,1,91,120
90,1,91,0,120,0,121,1
118,-0.566,0.888,10,1,436,472
435,1,436,0,472,0,473,1
119,-0.510,-4.673,10,1,176,217
175,1,176,0,217,0,218,1
120,-0.883,5.574,10,1,352,379
351,1,352,0,379,0,380,1
121,0.585,-0.319,10,-1,223,249
222,1,223,0,249,0,250,1
122,-2.573,-3.769,10,-1,117,161
116,1,117,0,161,0,162,1
123,-1.536,-2.455,10,-1,78,96
77,1,78,0,96,0,97,1
124,4.379,-1.110,10,-1,344,363
343,1,344,0,363,0,364,1
125,1.766,-2.560,10,-1,182,211
181,1,182,0,211,0,212,1
126,-3.962,5.488,10,-1,229,272
228,1,229,0,272,0,273,1
127,-2.455,-4.322,10,-1,290,308
289,1,290,0,308,0,309,1
128,-2.689,-1.274,10,-1,156,176
155,1,156,0,176,0,177,1
129,3.416,-3.846,10,-1,405,432
404,1,405,0,432,0,433,1
130,-4.731,-2.947,10,-1,134,171
133,1,134,0,171,0,172,1
131,4.937,-2.559,10,-1,99,135
98,1,99,0,135,0,136,1
132,0.370,-1.645,10,-1,185,205
184,1,185,0,205,0,206,1
133,2.243,-2.327,10,-1,140,160
139,1,140,0,160,0,161,1
134,-3.755,-2.961,10,-1,429,458
428,1,429,0,458,0,459,1
135,2.555,0.367,10,-1,95,127
94,1,95,0,127,0,128,1
136,-1.522,0.328,10,-1,427,456
426,1,427,0,456,0,457,1
137,-1.294,-0.750,10,-1,465,480
464,1,465,0,479,0,480,0
138,-2.211,2.643,10,-1,256,271
255,1,256,0,271,0,272,1
139,-1.794,0.773,10,-1,119,138
118,1,119,0,138,0,139,1
140,-2.123,1.449,10,-1,123,151
122,1,123,0,151,0,152,1
141,0.350,-1.971,10,-1,326,357
325,1,326,0,357,0,358,1
142,3.260,-1.494,10,-1,220,240
219,1,220,0,240,0,241,1
143,-0.574,-2.830,10,-1,339,372
338,1,339,0,372,0,373,1
144,-0.613,-3.962,10,-1,207,236
206,1,207,0,236,0,237,1
145,-0.246,1.282,10,-1,69,99
68,1,69,0,99,0,100,1
146,-0.647,0.847,10,-1,159,177
158,1,159,0,177,0,178,1
147,-3.789,-3.612,10,-1,164,195
163,1,164,0,195,0,196,1
148,1.085,-1.875,10,-1,179,207
178,1,179,0,207,0,208,1
149,5.010,0.864,10,-1,367,386
366,1,367,0,386,0,387,1
150,4.684,0.471,10,-1,442,481
441,1,442,0,480,0,481,0
151,1.960,-1.041,10,-1,371,409
370,1,371,0,409,0,410,1
152,-3.895,5.294,10,-1,182,218
181,1,182,0,218,0,219,1
153,-0.064,-2.129,10,-1,395,432
394,1,395,0,432,0,433,1
154,4.091,-3.377,10,-1,361,404
360,1,361,0,404,0,405,1
155,-0.057,-6.230,10,-1,440,481
439,1,440,0,480,0,481,0
156,-0.978,2.679,10,-1,216,247
215,1,216,0,247,0,248,1
157,3.426,-2.389,10,-1,237,274
236,1,237,0,274,0,275,1
158,2.957,-2.456,10,-1,363,380
362,1,363,0,380,0,381,1
159,1.638,-5.889,10,-1,215,232
214,1,215,0,232,0,233,1
160,6.188,-1.517,10,-1,303,329
302,1,303,0,329,0,330,1
161,4.009,-0.963,10,-1,313,352
312,1,313,0,352,0,353,1
162,0.012,-0.464,10,-1,272,312
271,1,272,0,312,0,313,1
163,-0.893,-4.390,10,-1,208,246
207,1,208,0,246,0,247,1
164,-0.714,-5.743,10,-1,182,199
181,1,182,0,199,0,200,1
165,0.755,-2.121,10,-1,462,483
461,1,462,0,482,0,483,0
166,0.395,0.730,10,-1,439,474
438,1,439,0,474,0,475,1
167,-1.512,9.202,10,-1,474,494
473,1,474,0,493,0,494,0
168,8.482,-2.452,10,-1,230,268
229,1,230,0,268,0,269,1
169,-5.232,3.068,10,-1,461,479
460,1,461,0,479,0,480,1
170,0.754,1.382,10,-1,364,404
363,1,364,0,404,0,405,1
171,-2.148,3.036,10,-1,476,493
475,1,476,0,492,0,493,0
172,3.605,2.988,10,-1,227,254
226,1,227,0,254,0,255,1
173,1.278,-4.094,10,-1,418,436
417,1,418,0,436,0,437,1
174,-1.729,-1.025,10,-1,272,293
271,1,272,0,293,0,294,1
175,-1.054,1.240,10,-1,141,158
140,1,141,0,158,0,159,1
176,-1.585,-5.946,10,-1,318,356
317,1,318,0,356,0,357,1
177,2.927,-0.222,10,-1,439,457
438,1,439,0,457,0,458,1
178,-1.260,-5.893,10,-1,332,354
331,1,332,0,354,0,355,1
179,-1.730,-3.530,10,-1,444,487
443,1,444,0,486,0,487,0
180,5.705,-5.035,10,-1,281,313
280,1,281,0,313,0,314,1
181,2.694,1.744,10,-1,0,1440
0,0,1,0,2,0,1440,0
182,-0.620,-0.888,10,-1,0,1440
0,0,1,0,2,0,1440,0
183,1.698,-1.632,10,-1,0,1440
0,0,1,0,2,0,1440,0
184,8.371,-3.252,10,-1,0,1440
0,0,1,0,2,0,1440,0
185,1.245,3.459,10,-1,0,1440
0,0,1,0,2,0,1440,0
186,1.506,6.700,10,-1,0,1440
0,0,1,0,2,0,1440,0
187,2.582,-0.584,10,-1,0,1440
0,0,1,0,2,0,1440,0
188,1.367,-1.483,10,-1,0,1440
0,0,1,0,2,0,1440,0
189,4.832,-0.516,10,-1,0,1440
0,0,1,0,2,0,1440,0
190,1.349,1.974,10,-1,0,1440
0,0,1,0,2,0,1440,0
191,-1.851,6.540,10,-1,0,1440
0,0,1,0,2,0,1440,0
192,1.755,3.838,10,-1,0,1440
0,0,1,0,2,0,1440,0
193,3.777,-1.600,10,-1,0,1440
0,0,1,0,2,0,1440,0
194,4.797,-3.031,10,-1,0,1440
0,0,1,0,2,0,1440,0
195,3.881,3.624,10,-1,0,1440
0,0,1,0,2,0,1440,0
196,-1.609,-4.284,10,-1,0,1440
0,0,1,0,2,0,1440,0
197,2.866,-0.199,10,-1,0,1440
0,0,1,0,2,0,1440,0
198,-0.586,-0.186,10,-1,0,1440
0,0,1,0,2,0,1440,0
199,6.052,6.342,10,-1,0,1440
0,0,1,0,2,0,1440,0
200,6.320,-4.777,10,-1,0,1440
0,0,1,0,2,0,1440,0
201,-1.531,-2.329,10,-1,0,1440
0,0,1,0,2,0,1440,0
202,-0.287,0.079,10,-1,0,1440
0,0,1,0,2,0,1440,0
203,3.206,-1.018,10,-1,0,1440
0,0,1,0,2,0,1440,0
204,-1.863,-2.567,10,-1,0,1440
0,0,1,0,2,0,1440,0
205,-0.363,2.543,10,-1,0,1440
0,0,1,0,2,0,1440,0
206,1.048,2.289,10,-1,0,1440
0,0,1,0,2,0,1440,0
207,0.182,-0.301,10,-1,0,1440
0,0,1,0,2,0,1440,0
208,-2.527,-1.218,10,-1,0,1440
0,0,1,0,2,0,1440,0
209,5.693,-7.551,10,-1,0,1440
0,0,1,0,2,0,1440,0
210,1.389,-3.623,10,-1,0,1440
0,0,1,0,2,0,1440,0
211,3.252,-2.952,10,-1,0,1440
0,0,1,0,2,0,1440,0
212,0.480,-0.729,10,-1,0,1440
0,0,1,0,2,0,1440,0
213,1.137,-0.834,10,-1,0,1440
0,0,1,0,2,0,1440,0
214,1.713,-2.465,10,-1,0,1440
0,0,1,0,2,0,1440,0
215,-3.366,-4.124,10,-1,0,1440
0,0,1,0,2,0,1440,0
216,-3.239,-5.088,10,-1,0,1440
0,0,1,0,2,0,1440,0
217,2.304,-1.450,10,-1,0,1440
0,0,1,0,2,0,1440,0
218,-2.186,-3.950,10,-1,0,1440
0,0,1,0,2,0,1440,0
219,3.201,7.733,10,-1,0,1440
0,0,1,0,2,0,1440,0
220,1.383,-7.619,10,-1,0,1440
0,0,1,0,2,0,1440,0
221,-0.805,-2.118,10,-1,0,1440
0,0,1,0,2,0,1440,0
222,2.539,4.661,10,-1,0,1440
0,0,1,0,2,0,1440,0
223,4.954,-5.464,10,-1,0,1440
0,0,1,0,2,0,1440,0
224,6.342,-0.864,10,-1,0,1440
0,0,1,0,2,0,1440,0
225,0.230,-0.554,10,-1,0,1440
0,0,1,0,2,0,1440,0
226,5.242,2.990,10,-1,0,1440
0,0,1,0,2,0,1440,0
227,0.930,-1.625,10,-1,0,1440
0,0,1,0,2,0,1440,0
228,3.484,-9.619,10,-1,0,1440
0,0,1,0,2,0,1440,0
229,-2.106,-4.150,10,-1,0,1440
0,0,1,0,2,0,1440,0
230,2.845,1.024,10,-1,0,1440
0,0,1,0,2,0,1440,0
231,1.625,-2.258,10,-1,0,1440
0,0,1,0,2,0,1440,0
232,-3.664,-3.403,10,-1,0,1440
0,0,1,0,2,0,1440,0
233,-2.736,-5.018,10,-1,0,1440
0,0,1,0,2,0,1440,0
234,-5.370,1.133,10,-1,0,1440
0,0,1,0,2,0,1440,0
235,2.628,-0.599,10,-1,0,1440
0,0,1,0,2,0,1440,0
236,-3.152,3.459,10,-1,0,1440
0,0,1,0,2,0,1440,0
237,-1.461,-3.151,10,-1,0,1440
0,0,1,0,2,0,1440,0
238,-0.424,-3.087,10,-1,0,1440
0,0,1,0,2,0,1440,0
239,-1.852,-2.949,10,-1,0,1440
0,0,1,0,2,0,1440,0
240,-1.713,-1.940,10,-1,0,1440
0,0,1,0,2,0,1440,0
