13,288,480,6,90
0,-0.268,-0.947,0,0,0,1440
0,0,1,0,2,0,1440,0
1,-6.617,-3.781,10,1,0,1440
0,0,1,0,2,0,1440,0
2,0.267,-3.522,10,1,0,1440
0,0,1,0,2,0,1440,0
3,3.875,0.862,10,1,0,1440
0,0,1,0,2,0,1440,0
4,6.265,2.067,10,1,0,1440
0,0,1,0,2,0,1440,0
5,6.097,-0.611,10,1,0,1440
0,0,1,0,2,0,1440,0
6,-9.854,-3.953,10,1,0,1440
0,0,1,0,2,0,1440,0
7,0.841,-8.127,10,1,0,1440
0,0,1,0,2,0,1440,0
8,-1.457,2.606,10,1,0,1440
0,0,1,0,2,0,1440,0
9,-3.419,-7.670,10,1,0,1440
0,0,1,0,2,0,1440,0
10,5.514,-3.391,10,1,0,1440
0,0,1,0,2,0,1440,0
11,1.587,0.872,10,1,0,1440
0,0,1,0,2,0,1440,0
12,-6.342,-2.028,10,1,0,1440
0,0,1,0,2,0,1440,0
13,-0.936,-4.221,10,1,0,1440
0,0,1,0,2,0,1440,0
14,-5.362,0.373,10,1,0,1440
0,0,1,0,2,0,1440,0
15,5.349,-0.331,10,1,0,1440
0,0,1,0,2,0,1440,0
16,-2.261,-3.279,10,1,0,1440
0,0,1,0,2,0,1440,0
17,3.961,-0.155,10,1,0,1440
0,0,1,0,2,0,1440,0
18,1.670,-2.275,10,1,0,1440
0,0,1,0,2,0,1440,0
19,-5.124,-1.376,10,1,0,1440
0,0,1,0,2,0,1440,0
20,-2.991,1.438,10,1,0,1440
0,0,1,0,2,0,1440,0
21,-7.044,-2.791,10,1,0,1440
0,0,1,0,2,0,1440,0
22,-7.539,-3.081,10,1,0,1440
0,0,1,0,2,0,1440,0
23,1.059,-2.893,10,1,0,1440
0,0,1,0,2,0,1440,0
24,8.634,-4.594,10,1,0,1440
0,0,1,0,2,0,1440,0
25,0.386,3.458,10,1,0,1440
0,0,1,0,2,0,1440,0
26,-3.760,-4.211,10,1,0,1440
0,0,1,0,2,0,1440,0
27,6.944,0.138,10,1,0,1440
0,0,1,0,2,0,1440,0
28,-1.382,0.125,10,1,0,1440
0,0,1,0,2,0,1440,0
29,-2.712,-3.804,10,1,0,1440
0,0,1,0,2,0,1440,0
30,-6.935,-1.473,10,1,0,1440
0,0,1,0,2,0,1440,0
31,5.857,2.935,10,1,0,1440
0,0,1,0,2,0,1440,0
32,5.810,3.170,10,1,0,1440
0,0,1,0,2,0,1440,0
33,-6.225,-1.643,10,1,0,1440
0,0,1,0,2,0,1440,0
34,-6.638,1.359,10,1,0,1440
0,0,1,0,2,0,1440,0
35,6.803,-1.248,10,1,0,1440
0,0,1,0,2,0,1440,0
36,-3.070,-4.168,10,1,0,1440
0,0,1,0,2,0,1440,0
37,-5.539,-5.105,10,1,0,1440
0,0,1,0,2,0,1440,0
38,3.624,-0.265,10,1,0,1440
0,0,1,0,2,0,1440,0
39,-0.122,0.559,10,1,0,1440
0,0,1,0,2,0,1440,0
40,1.028,-2.395,10,1,0,1440
0,0,1,0,2,0,1440,0
41,-0.716,3.686,10,1,0,1440
0,0,1,0,2,0,1440,0
42,-9.020,6.117,10,1,0,1440
0,0,1,0,2,0,1440,0
43,4.637,6.508,10,1,0,1440
0,0,1,0,2,0,1440,0
44,1.335,3.137,10,1,0,1440
0,0,1,0,2,0,1440,0
45,-7.357,-2.884,10,1,0,1440
0,0,1,0,2,0,1440,0
46,-4.153,-3.710,10,1,0,1440
0,0,1,0,2,0,1440,0
47,-6.094,-2.725,10,1,0,1440
0,0,1,0,2,0,1440,0
48,3.831,5.438,10,1,0,1440
0,0,1,0,2,0,1440,0
49,2.631,1.198,10,1,0,1440
0,0,1,0,2,0,1440,0
50,1.030,-4.835,10,1,0,1440
0,0,1,0,2,0,1440,0
51,5.242,-2.836,10,1,0,1440
0,0,1,0,2,0,1440,0
52,-4.376,-3.934,10,1,0,1440
0,0,1,0,2,0,1440,0
53,4.932,1.139,10,1,0,1440
0,0,1,0,2,0,1440,0
54,4.559,0.435,10,1,0,1440
0,0,1,0,2,0,1440,0
55,-2.599,-1.581,10,1,0,1440
0,0,1,0,2,0,1440,0
56,6.525,-5.963,10,1,0,1440
0,0,1,0,2,0,1440,0
57,1.211,-3.439,10,1,0,1440
0,0,1,0,2,0,1440,0
58,1.239,-1.625,10,1,0,1440
0,0,1,0,2,0,1440,0
59,0.053,6.961,10,1,0,1440
0,0,1,0,2,0,1440,0
60,-0.868,0.777,10,1,0,1440
0,0,1,0,2,0,1440,0
61,4.147,-3.502,10,1,0,1440
0,0,1,0,2,0,1440,0
62,1.186,-3.497,10,1,0,1440
0,0,1,0,2,0,1440,0
63,-0.131,-5.806,10,1,0,1440
0,0,1,0,2,0,1440,0
64,0.602,-3.102,10,1,0,1440
0,0,1,0,2,0,1440,0
65,0.179,-3.254,10,1,0,1440
0,0,1,0,2,0,1440,0
66,2.927,-0.649,10,1,0,1440
0,0,1,0,2,0,1440,0
67,2.395,1.074,10,1,0,1440
0,0,1,0,2,0,1440,0
68,-6.589,4.091,10,1,0,1440
0,0,1,0,2,0,1440,0
69,-1.010,2.626,10,1,0,1440
0,0,1,0,2,0,1440,0
70,5.809,6.735,10,1,0,1440
0,0,1,0,2,0,1440,0
71,9.002,0.948,10,1,0,1440
0,0,1,0,2,0,1440,0
72,-0.662,1.522,10,1,0,1440
0,0,1,0,2,0,1440,0
73,-0.287,-4.284,10,1,423,451
422,1,423,0,451,0,452,1
74,-3.771,-0.731,10,1,129,148
128,1,129,0,148,0,149,1
75,4.417,-1.122,10,1,436,462
435,1,436,0,462,0,463,1
76,-5.870,-0.281,10,1,334,355
333,1,334,0,355,0,356,1
77,-0.391,1.007,10,1,461,489
460,1,461,0,488,0,489,0
78,-4.137,-0.150,10,1,133,161
132,1,133,0,161,0,162,1
79,5.818,2.756,10,1,267,291
266,1,267,0,291,0,292,1
80,-6.386,2.615,10,1,433,454
432,1,433,0,454,0,455,1
81,-5.679,-1.592,10,1,182,208
181,1,182,0,208,0,209,1
82,2.222,-2.751,10,1,72,101
71,1,72,0,101,0,102,1
83,-0.103,-1.484,10,1,98,132
97,1,98,0,132,0,133,1
84,-5.770,-1.048,10,1,378,403
377,1,378,0,403,0,404,1
85,8.085,0.630,10,1,458,495
457,1,458,0,494,0,495,0
86,0.289,1.082,10,1,111,140
110,1,111,0,140,0,141,1
87,-3.739,-0.780,10,1,221,264
220,1,221,0,264,0,265,1
88,-3.360,-2.674,10,1,225,247
224,1,225,0,247,0,248,1
89,9.520,2.423,10,1,228,259
227,1,228,0,259,0,260,1
90,-1.390,2.933,10,1,227,250
226,1,227,0,250,0,251,1
91,-5.346,0.930,10,1,454,470
453,1,454,0,470,0,471,1
92,6.758,1.301,10,1,281,322
280,1,281,0,322,0,323,1
93,-8.388,-5.327,10,1,273,309
272,1,273,0,309,0,310,1
94,3.026,-7.243,10,1,200,215
199,1,200,0,215,0,216,1
95,-2.233,-2.054,10,1,74,95
73,1,74,0,95,0,96,1
96,0.374,-3.546,10,1,145,169
144,1,145,0,169,0,170,1
97,-2.009,-4.398,10,1,310,331
309,1,310,0,331,0,332,1
98,-4.769,-2.110,10,1,403,438
402,1,403,0,438,0,439,1
99,-2.045,-1.385,10,1,424,456
423,1,424,0,456,0,457,1
100,3.452,0.397,10,1,81,120
80,1,81,0,120,0,121,1
101,2.051,-1.188,10,1,203,223
202,1,203,0,223,0,224,1
102,-4.604,-2.256,10,1,180,216
179,1,180,0,216,0,217,1
103,-3.963,2.538,10,1,115,150
114,1,115,0,150,0,151,1
104,-0.102,5.043,10,1,470,500
469,1,470,0,499,0,500,0
105,-2.863,2.349,10,1,161,187
160,1,161,0,187,0,188,1
106,-5.300,-1.625,10,1,408,428
407,1,408,0,428,0,429,1
107,-0.335,-2.295,10,1,239,264
238,1,239,0,264,0,265,1
108,-6.264,-2.635,10,1,92,135
91,1,92,0,135,0,136,1
109,2.540,0.053,10,1,84,111
83,1,84,0,111,0,112,1
110,-2.990,7.292,10,1,453,470
452,1,453,0,470,0,471,1
111,2.663,0.197,10,1,326,345
325,1,326,0,345,0,346,1
112,-0.981,3.500,10,1,235,256
234,1,235,0,256,0,257,1
113,-0.776,-4.243,10,1,216,238
215,1,216,0,238,0,239,1
114,2.892,-0.712,10,1,445,467
444,1,445,0,467,0,468,1
115,4.769,3.611,10,1,400,444
399,1,400,0,444,0,445,1
116,-5.317,0.521,10,1,84,103
83,1,84,0,103,0,104,1
117,1.756,1.321,10,1,121,146
120,1,121,0,146,0,147,1
118,0.684,-0.250,10,1,429,452
428,1,429,0,452,0,453,1
119,-1.732,9.726,10,1,71,111
70,1,71,0,111,0,112,1
120,2.241,2.653,10,1,400,423
399,1,400,0,423,0,424,1
121,-7.309,-1.325,10,1,157,191
156,1,157,0,191,0,192,1
122,-6.500,-0.458,10,1,248,282
247,1,248,0,282,0,283,1
123,-3.491,-4.390,10,1,478,508
477,1,478,0,507,0,508,0
124,-9.235,-0.452,10,1,310,326
309,1,310,0,326,0,327,1
125,0.065,-0.850,10,1,453,483
452,1,453,0,482,0,483,0
126,0.505,-3.732,10,1,122,154
121,1,122,0,154,0,155,1
127,-1.908,-1.418,10,1,343,375
342,1,343,0,375,0,376,1
128,-7.170,-1.145,10,1,397,413
396,1,397,0,413,0,414,1
129,-4.558,-2.872,10,1,397,433
396,1,397,0,433,0,434,1
130,-2.835,-2.391,10,1,181,214
180,1,181,0,214,0,215,1
131,-1.649,3.092,10,1,350,375
349,1,350,0,375,0,376,1
132,-8.342,-2.093,10,1,382,422
381,1,382,0,422,0,423,1
133,-1.205,-2.061,10,1,351,385
350,1,351,0,385,0,386,1
134,-0.718,-6.372,10,1,108,144
107,1,108,0,144,0,145,1
135,3.455,-0.888,10,1,272,314
271,1,272,0,314,0,315,1
136,-0.487,7.369,10,1,475,512
474,1,475,0,511,0,512,0
137,-3.601,-0.388,10,1,297,325
296,1,297,0,325,0,326,1
138,-2.840,-2.182,10,1,227,258
226,1,227,0,258,0,259,1
139,-5.628,-1.511,10,1,464,508
463,1,464,0,507,0,508,0
140,-1.102,4.215,10,1,320,362
319,1,320,0,362,0,363,1
141,-6.309,-6.257,10,1,281,319
280,1,281,0,319,0,320,1
142,2.949,7.994,10,1,258,279
257,1,258,0,279,0,280,1
143,-6.567,-0.024,10,1,201,224
200,1,201,0,224,0,225,1
144,4.613,-2.042,10,1,165,184
164,1,165,0,184,0,185,1
145,0.158,-1.636,10,-1,478,509
477,1,478,0,508,0,509,0
146,4.028,-0.138,10,-1,376,411
375,1,376,0,411,0,412,1
147,-1.527,4.225,10,-1,433,463
432,1,433,0,463,0,464,1
148,3.322,-1.661,10,-1,281,313
280,1,281,0,313,0,314,1
149,-7.239,1.307,10,-1,130,164
129,1,130,0,164,0,165,1
150,-2.449,0.527,10,-1,188,223
187,1,188,0,223,0,224,1
151,-0.660,-3.096,10,-1,298,321
297,1,298,0,321,0,322,1
152,3.129,2.133,10,-1,233,252
232,1,233,0,252,0,253,1
153,2.056,0.038,10,-1,368,407
367,1,368,0,407,0,408,1
154,-6.720,-4.134,10,-1,352,387
351,1,352,0,387,0,388,1
155,2.217,-4.037,10,-1,399,423
398,1,399,0,423,0,424,1
156,3.116,0.222,10,-1,311,336
310,1,311,0,336,0,337,1
157,7.463,3.022,10,-1,95,112
94,1,95,0,112,0,113,1
158,6.070,8.112,10,-1,285,312
284,1,285,0,312,0,313,1
159,-6.074,2.413,10,-1,205,243
204,1,205,0,243,0,244,1
160,0.198,1.752,10,-1,295,320
294,1,295,0,320,0,321,1
161,-8.057,-3.820,10,-1,197,221
196,1,197,0,221,0,222,1
162,-4.993,-3.671,10,-1,72,93
71,1,72,0,93,0,94,1
163,-6.045,-2.782,10,-1,409,440
408,1,409,0,440,0,441,1
164,-7.875,-4.423,10,-1,396,411
395,1,396,0,411,0,412,1
165,5.426,-0.926,10,-1,143,161
142,1,143,0,161,0,162,1
166,-4.206,-2.664,10,-1,343,380
342,1,343,0,380,0,381,1
167,-5.734,-1.672,10,-1,228,245
227,1,228,0,245,0,246,1
168,-0.128,-1.333,10,-1,438,457
437,1,438,0,457,0,458,1
169,-2.416,3.920,10,-1,438,470
437,1,438,0,470,0,471,1
170,1.791,-4.044,10,-1,410,446
409,1,410,0,446,0,447,1
171,5.983,-0.367,10,-1,443,470
442,1,443,0,470,0,471,1
172,-0.351,0.626,10,-1,78,122
77,1,78,0,122,0,123,1
173,4.017,0.859,10,-1,270,302
269,1,270,0,302,0,303,1
174,-0.169,-5.438,10,-1,236,276
235,1,236,0,276,0,277,1
175,-3.603,-1.707,10,-1,214,258
213,1,214,0,258,0,259,1
176,0.728,-0.414,10,-1,140,175
139,1,140,0,175,0,176,1
177,3.022,-0.683,10,-1,183,204
182,1,183,0,204,0,205,1
178,-2.638,-6.306,10,-1,442,460
441,1,442,0,460,0,461,1
179,2.877,-0.003,10,-1,387,423
386,1,387,0,423,0,424,1
180,0.263,0.507,10,-1,113,157
112,1,113,0,157,0,158,1
181,0.360,-2.160,10,-1,403,442
402,1,403,0,442,0,443,1
182,-6.495,-1.096,10,-1,372,393
371,1,372,0,393,0,394,1
183,1.867,-4.101,10,-1,435,469
434,1,435,0,469,0,470,1
184,2.929,1.280,10,-1,209,247
208,1,209,0,247,0,248,1
185,0.453,2.665,10,-1,161,181
160,1,161,0,181,0,182,1
186,2.536,2.972,10,-1,272,291
271,1,272,0,291,0,292,1
187,5.735,-1.540,10,-1,321,352
320,1,321,0,352,0,353,1
188,-1.157,-1.901,10,-1,124,142
123,1,124,0,142,0,143,1
189,-4.544,-7.181,10,-1,114,146
113,1,114,0,146,0,147,1
190,0.220,-0.356,10,-1,468,497
467,1,468,0,496,0,497,0
191,-0.185,-2.448,10,-1,292,311
291,1,292,0,311,0,312,1
192,-5.985,-4.894,10,-1,141,181
140,1,141,0,181,0,182,1
193,7.008,-1.782,10,-1,221,239
220,1,221,0,239,0,240,1
194,-0.493,2.875,10,-1,468,487
467,1,468,0,486,0,487,0
195,-4.662,-2.353,10,-1,403,420
402,1,403,0,420,0,421,1
196,-4.987,-3.534,10,-1,119,153
118,1,119,0,153,0,154,1
197,-6.750,0.814,10,-1,439,480
438,1,439,0,479,0,480,0
198,3.119,-1.824,10,-1,420,458
419,1,420,0,458,0,459,1
199,-4.214,-5.270,10,-1,283,304
282,1,283,0,304,0,305,1
200,-1.509,1.893,10,-1,308,346
307,1,308,0,346,0,347,1
201,-7.862,-2.434,10,-1,229,246
228,1,229,0,246,0,247,1
202,5.147,-0.961,10,-1,449,464
448,1,449,0,464,0,465,1
203,2.999,-3.106,10,-1,331,348
330,1,331,0,348,0,349,1
204,4.674,0.145,10,-1,122,160
121,1,122,0,160,0,161,1
205,-5.295,3.174,10,-1,334,352
333,1,334,0,352,0,353,1
206,1.054,-6.143,10,-1,175,196
174,1,175,0,196,0,197,1
207,-1.595,-5.601,10,-1,179,208
178,1,179,0,208,0,209,1
208,-0.778,-5.473,10,-1,81,116
80,1,81,0,116,0,117,1
209,1.105,-2.091,10,-1,301,316
300,1,301,0,316,0,317,1
210,-2.436,-2.305,10,-1,409,435
408,1,409,0,435,0,436,1
211,0.295,-2.040,10,-1,111,155
110,1,111,0,155,0,156,1
212,-8.265,2.432,10,-1,72,87
71,1,72,0,87,0,88,1
213,-1.213,4.207,10,-1,421,462
420,1,421,0,462,0,463,1
214,-9.803,-3.636,10,-1,405,431
404,1,405,0,431,0,432,1
215,-6.110,-1.348,10,-1,102,129
101,1,102,0,129,0,130,1
216,-3.914,0.629,10,-1,192,234
191,1,192,0,234,0,235,1
217,4.118,0.797,10,-1,0,1440
0,0,1,0,2,0,1440,0
218,0.425,1.983,10,-1,0,1440
0,0,1,0,2,0,1440,0
219,-3.414,-3.792,10,-1,0,1440
0,0,1,0,2,0,1440,0
220,-0.456,2.357,10,-1,0,1440
0,0,1,0,2,0,1440,0
221,3.789,-0.195,10,-1,0,1440
0,0,1,0,2,0,1440,0
222,7.826,1.594,10,-1,0,1440
0,0,1,0,2,0,1440,0
223,-0.866,-2.511,10,-1,0,1440
0,0,1,0,2,0,1440,0
224,1.007,3.716,10,-1,0,1440
0,0,1,0,2,0,1440,0
225,-4.262,-4.699,10,-1,0,1440
0,0,1,0,2,0,1440,0
226,9.216,-9.418,10,-1,0,1440
0,0,1,0,2,0,1440,0
227,3.220,-3.984,10,-1,0,1440
0,0,1,0,2,0,1440,0
228,-5.523,-1.503,10,-1,0,1440
0,0,1,0,2,0,1440,0
229,-2.675,-2.149,10,-1,0,1440
0,0,1,0,2,0,1440,0
230,-7.551,-0.071,10,-1,0,1440
0,0,1,0,2,0,1440,0
231,3.402,1.266,10,-1,0,1440
0,0,1,0,2,0,1440,0
232,-0.264,-2.083,10,-1,0,1440
0,0,1,0,2,0,1440,0
233,5.337,1.377,10,-1,0,1440
0,0,1,0,2,0,1440,0
234,-1.495,-4.026,10,-1,0,1440
0,0,1,0,2,0,1440,0
235,6.783,0.575,10,-1,0,1440
0,0,1,0,2,0,1440,0
236,-1.322,-2.603,10,-1,0,1440
0,0,1,0,2,0,1440,0
237,0.417,-3.262,10,-1,0,1440
0,0,1,0,2,0,1440,0
238,-2.605,-3.331,10,-1,0,1440
0,0,1,0,2,0,1440,0
239,3.196,-4.570,10,-1,0,1440
0,0,1,0,2,0,1440,0
240,9.682,2.621,10,-1,0,1440
0,0,1,0,2,0,1440,0
241,-4.470,-3.785,10,-1,0,1440
0,0,1,0,2,0,1440,0
242,3.342,1.179,10,-1,0,1440
0,0,1,0,2,0,1440,0
243,-3.519,1.923,10,-1,0,1440
0,0,1,0,2,0,1440,0
244,-1.423,-7.499,10,-1,0,1440
0,0,1,0,2,0,1440,0
245,3.716,-0.084,10,-1,0,1440
0,0,1,0,2,0,1440,0
246,-5.170,-2.645,10,-1,0,1440
0,0,1,0,2,0,1440,0
247,2.353,0.590,10,-1,0,1440
0,0,1,0,2,0,1440,0
248,-1.843,5.371,10,-1,0,1440
0,0,1,0,2,0,1440,0
249,-1.134,-1.762,10,-1,0,1440
0,0,1,0,2,0,1440,0
250,-0.781,-3.590,10,-1,0,1440
0,0,1,0,2,0,1440,0
251,0.352,2.694,10,-1,0,1440
0,0,1,0,2,0,1440,0
252,-4.659,-2.227,10,-1,0,1440
0,0,1,0,2,0,1440,0
253,-0.300,-0.055,10,-1,0,1440
0,0,1,0,2,0,1440,0
254,3.215,1.715,10,-1,0,1440
0,0,1,0,2,0,1440,0
255,3.202,1.301,10,-1,0,1440
0,0,1,0,2,0,1440,0
256,-0.663,2.989,10,-1,0,1440
0,0,1,0,2,0,1440,0
257,7.778,-2.540,10,-1,0,1440
0,0,1,0,2,0,1440,0
258,3.071,6.570,10,-1,0,1440
0,0,1,0,2,0,1440,0
259,-4.381,-4.304,10,-1,0,1440
0,0,1,0,2,0,1440,0
260,4.956,1.683,10,-1,0,1440
0,0,1,0,2,0,1440,0
261,-2.893,-0.044,10,-1,0,1440
0,0,1,0,2,0,1440,0
262,4.036,1.638,10,-1,0,1440
0,0,1,0,2,0,1440,0
263,2.275,4.067,10,-1,0,1440
0,0,1,0,2,0,1440,0
264,-0.147,0.657,10,-1,0,1440
0,0,1,0,2,0,1440,0
265,-0.119,1.686,10,-1,0,1440
0,0,1,0,2,0,1440,0
266,0.803,4.182,10,-1,0,1440
0,0,1,0,2,0,1440,0
267,-4.402,-2.278,10,-1,0,1440
0,0,1,0,2,0,1440,0
268,1.237,-1.135,10,-1,0,1440
0,0,1,0,2,0,1440,0
269,3.328,1.588,10,-1,0,1440
0,0,1,0,2,0,1440,0
270,-3.479,-1.504,10,-1,0,1440
0,0,1,0,2,0,1440,0
271,-9.686,-1.939,10,-1,0,1440
0,0,1,0,2,0,1440,0
272,3.843,-0.535,10,-1,0,1440
0,0,1,0,2,0,1440,0
273,-2.539,0.022,10,-1,0,1440
0,0,1,0,2,0,1440,0
274,0.085,-3.186,10,-1,0,1440
0,0,1,0,2,0,1440,0
275,-2.402,9.569,10,-1,0,1440
0,0,1,0,2,0,1440,0
276,-0.427,3.547,10,-1,0,1440
0,0,1,0,2,0,1440,0
277,-0.693,0.185,10,-1,0,1440
0,0,1,0,2,0,1440,0
278,-7.095,-0.322,10,-1,0,1440
0,0,1,0,2,0,1440,0
279,-3.265,-1.652,10,-1,0,1440
0,0,1,0,2,0,1440,0
280,4.286,-2.168,10,-1,0,1440
0,0,1,0,2,0,1440,0
281,0.518,0.640,10,-1,0,1440
0,0,1,0,2,0,1440,0
282,3.692,-0.499,10,-1,0,1440
0,0,1,0,2,0,1440,0
283,4.959,2.778,10,-1,0,1440
0,0,1,0,2,0,1440,0
284,4.504,1.079,10,-1,0,1440
0,0,1,0,2,0,1440,0
285,0.769,1.406,10,-1,0,1440
0,0,1,0,2,0,1440,0
286,-6.091,1.864,10,-1,0,1440
0,0,1,0,2,0,1440,0
287,-6.450,0.892,10,-1,0,1440
0,0,1,0,2,0,1440,0
288,3.716,-1.499,10,-1,0,1440
0,0,1,0,2,0,1440,0
