3,48,480,6,90
0,-1.044,2.000,0,0,0,1440
0,0,1,0,2,0,1440,0
1,-2.973,6.414,10,1,0,1440
0,0,1,0,2,0,1440,0
2,-3.066,0.546,10,1,0,1440
0,0,1,0,2,0,1440,0
3,5.164,0.547,10,1,0,1440
0,0,1,0,2,0,1440,0
4,-1.317,6.934,10,1,0,1440
0,0,1,0,2,0,1440,0
5,-6.741,6.832,10,1,0,1440
0,0,1,0,2,0,1440,0
6,4.891,0.627,10,1,0,1440
0,0,1,0,2,0,1440,0
7,0.524,2.226,10,1,0,1440
0,0,1,0,2,0,1440,0
8,-6.500,7.723,10,1,0,1440
0,0,1,0,2,0,1440,0
9,-0.417,-0.157,10,1,0,1440
0,0,1,0,2,0,1440,0
10,2.303,1.164,10,1,0,1440
0,0,1,0,2,0,1440,0
11,2.548,0.629,10,1,0,1440
0,0,1,0,2,0,1440,0
12,-4.261,-2.639,10,1,0,1440
0,0,1,0,2,0,1440,0
13,-7.667,9.934,10,1,455,544
454,1,455,0,543,0,544,0
14,-2.067,5.789,10,1,127,199
126,1,127,0,199,0,200,1
15,-5.204,0.657,10,1,239,323
238,1,239,0,323,0,324,1
16,-4.138,5.082,10,1,84,143
83,1,84,0,143,0,144,1
17,-9.194,2.759,10,1,264,342
263,1,264,0,342,0,343,1
18,-6.512,3.021,10,1,71,158
70,1,71,0,158,0,159,1
19,1.860,9.672,10,1,418,454
417,1,418,0,454,0,455,1
20,-4.094,8.321,10,1,400,488
399,1,400,0,487,0,488,0
21,-3.776,-3.333,10,1,233,306
232,1,233,0,306,0,307,1
22,2.377,2.908,10,1,154,222
153,1,154,0,222,0,223,1
23,-4.303,2.045,10,1,470,523
469,1,470,0,522,0,523,0
24,-3.530,-2.490,10,1,259,306
258,1,259,0,306,0,307,1
25,-5.476,1.437,10,-1,451,532
450,1,451,0,531,0,532,0
26,-4.933,3.337,10,-1,163,201
162,1,163,0,201,0,202,1
27,5.740,2.382,10,-1,464,543
463,1,464,0,542,0,543,0
28,-2.275,5.541,10,-1,421,505
420,1,421,0,504,0,505,0
29,-5.662,7.334,10,-1,402,433
401,1,402,0,433,0,434,1
30,-3.856,-0.370,10,-1,319,363
318,1,319,0,363,0,364,1
31,-1.678,1.954,10,-1,452,522
451,1,452,0,521,0,522,0
32,-1.156,1.161,10,-1,371,426
370,1,371,0,426,0,427,1
33,-4.655,9.797,10,-1,264,340
263,1,264,0,340,0,341,1
34,1.623,0.932,10,-1,219,269
218,1,219,0,269,0,270,1
35,0.129,0.735,10,-1,427,468
426,1,427,0,468,0,469,1
36,-2.640,2.953,10,-1,195,231
194,1,195,0,231,0,232,1
37,0.435,1.469,10,-1,0,1440
0,0,1,0,2,0,1440,0
38,-5.066,-2.313,10,-1,0,1440
0,0,1,0,2,0,1440,0
39,-2.283,-0.981,10,-1,0,1440
0,0,1,0,2,0,1440,0
40,-7.110,-1.862,10,-1,0,1440
0,0,1,0,2,0,1440,0
41,-0.785,3.207,10,-1,0,1440
0,0,1,0,2,0,1440,0
42,1.188,-2.493,10,-1,0,1440
0,0,1,0,2,0,1440,0
43,-1.893,-2.373,10,-1,0,1440
0,0,1,0,2,0,1440,0
44,-1.192,1.175,10,-1,0,1440
0,0,1,0,2,0,1440,0
45,2.984,1.163,10,-1,0,1440
0,0,1,0,2,0,1440,0
46,1.227,-5.581,10,-1,0,1440
0,0,1,0,2,0,1440,0
47,-3.793,-2.161,10,-1,0,1440
0,0,1,0,2,0,1440,0
48,4.288,-0.297,10,-1,0,1440
0,0,1,0,2,0,1440,0
