5,96,480,6,90
0,3.022,2.479,0,0,0,1440
0,0,1,0,2,0,1440,0
1,3.359,3.075,10,1,0,1440
0,0,1,0,2,0,1440,0
2,4.883,6.531,10,1,0,1440
0,0,1,0,2,0,1440,0
3,8.618,5.934,10,1,0,1440
0,0,1,0,2,0,1440,0
4,3.927,-3.306,10,1,0,1440
0,0,1,0,2,0,1440,0
5,-2.337,8.685,10,1,0,1440
0,0,1,0,2,0,1440,0
6,4.813,9.559,10,1,0,1440
0,0,1,0,2,0,1440,0
7,-1.636,9.331,10,1,0,1440
0,0,1,0,2,0,1440,0
8,-5.770,-6.560,10,1,0,1440
0,0,1,0,2,0,1440,0
9,0.715,3.268,10,1,0,1440
0,0,1,0,2,0,1440,0
10,4.295,6.870,10,1,0,1440
0,0,1,0,2,0,1440,0
11,3.708,-0.211,10,1,0,1440
0,0,1,0,2,0,1440,0
12,7.776,5.582,10,1,0,1440
0,0,1,0,2,0,1440,0
13,-1.746,-5.657,10,1,0,1440
0,0,1,0,2,0,1440,0
14,5.857,5.989,10,1,0,1440
0,0,1,0,2,0,1440,0
15,5.778,1.534,10,1,0,1440
0,0,1,0,2,0,1440,0
16,-2.233,3.607,10,1,0,1440
0,0,1,0,2,0,1440,0
17,-0.708,3.049,10,1,0,1440
0,0,1,0,2,0,1440,0
18,5.566,6.042,10,1,0,1440
0,0,1,0,2,0,1440,0
19,-1.431,1.146,10,1,0,1440
0,0,1,0,2,0,1440,0
20,-2.972,2.427,10,1,0,1440
0,0,1,0,2,0,1440,0
21,4.322,0.074,10,1,0,1440
0,0,1,0,2,0,1440,0
22,4.518,3.547,10,1,0,1440
0,0,1,0,2,0,1440,0
23,6.448,0.224,10,1,0,1440
0,0,1,0,2,0,1440,0
24,5.508,7.224,10,1,0,1440
0,0,1,0,2,0,1440,0
25,1.693,1.574,10,1,295,337
294,1,295,0,337,0,338,1
26,4.504,-0.372,10,1,479,562
478,1,479,0,561,0,562,0
27,-7.678,0.594,10,1,241,316
240,1,241,0,316,0,317,1
28,3.617,0.026,10,1,82,142
81,1,82,0,142,0,143,1
29,2.922,0.894,10,1,418,478
417,1,418,0,478,0,479,1
30,6.506,0.522,10,1,138,176
137,1,138,0,176,0,177,1
31,4.217,-2.228,10,1,386,472
385,1,386,0,472,0,473,1
32,2.557,3.173,10,1,229,294
228,1,229,0,294,0,295,1
33,3.156,3.726,10,1,378,429
377,1,378,0,429,0,430,1
34,6.650,-5.417,10,1,252,312
251,1,252,0,312,0,313,1
35,4.658,-1.794,10,1,193,249
192,1,193,0,249,0,250,1
36,6.506,4.088,10,1,442,506
441,1,442,0,505,0,506,0
37,-0.272,2.477,10,1,280,323
279,1,280,0,323,0,324,1
38,-4.000,0.387,10,1,75,120
74,1,75,0,120,0,121,1
39,-7.350,5.704,10,1,164,201
163,1,164,0,201,0,202,1
40,8.115,-2.571,10,1,218,296
217,1,218,0,296,0,297,1
41,1.201,-0.796,10,1,202,254
201,1,202,0,254,0,255,1
42,4.276,3.809,10,1,357,433
356,1,357,0,433,0,434,1
43,0.386,-2.318,10,1,118,193
117,1,118,0,193,0,194,1
44,-0.737,2.439,10,1,180,269
179,1,180,0,269,0,270,1
45,3.594,-1.183,10,1,171,229
170,1,171,0,229,0,230,1
46,5.208,0.969,10,1,114,146
113,1,114,0,146,0,147,1
47,3.073,3.070,10,1,235,297
234,1,235,0,297,0,298,1
48,4.122,7.792,10,1,326,366
325,1,326,0,366,0,367,1
49,6.888,-4.055,10,-1,436,471
435,1,436,0,471,0,472,1
50,7.631,8.667,10,-1,345,387
344,1,345,0,387,0,388,1
51,6.393,7.854,10,-1,281,346
280,1,281,0,346,0,347,1
52,2.915,-0.996,10,-1,389,422
388,1,389,0,422,0,423,1
53,8.552,3.995,10,-1,401,480
400,1,401,0,479,0,480,0
54,3.177,0.387,10,-1,189,222
188,1,189,0,222,0,223,1
55,-2.054,1.909,10,-1,461,532
460,1,461,0,531,0,532,0
56,5.535,4.382,10,-1,427,474
426,1,427,0,474,0,475,1
57,3.541,1.028,10,-1,85,149
84,1,85,0,149,0,150,1
58,2.546,-0.029,10,-1,87,128
86,1,87,0,128,0,129,1
59,1.240,0.024,10,-1,204,255
203,1,204,0,255,0,256,1
60,1.836,2.092,10,-1,141,207
140,1,141,0,207,0,208,1
61,2.796,-1.504,10,-1,405,454
404,1,405,0,454,0,455,1
62,-0.319,1.988,10,-1,333,377
332,1,333,0,377,0,378,1
63,0.933,-4.135,10,-1,419,466
418,1,419,0,466,0,467,1
64,-2.058,3.818,10,-1,234,309
233,1,234,0,309,0,310,1
65,2.782,2.873,10,-1,219,254
218,1,219,0,254,0,255,1
66,5.903,4.231,10,-1,465,549
464,1,465,0,548,0,549,0
67,5.631,5.873,10,-1,348,423
347,1,348,0,423,0,424,1
68,-5.165,-0.034,10,-1,462,521
461,1,462,0,520,0,521,0
69,0.258,3.272,10,-1,300,345
299,1,300,0,345,0,346,1
70,1.513,-0.305,10,-1,295,356
294,1,295,0,356,0,357,1
71,6.659,3.494,10,-1,458,514
457,1,458,0,513,0,514,0
72,1.948,2.014,10,-1,266,324
265,1,266,0,324,0,325,1
73,-0.117,2.065,10,-1,0,1440
0,0,1,0,2,0,1440,0
74,-2.120,1.366,10,-1,0,1440
0,0,1,0,2,0,1440,0
75,9.885,0.126,10,-1,0,1440
0,0,1,0,2,0,1440,0
76,8.259,7.200,10,-1,0,1440
0,0,1,0,2,0,1440,0
77,3.002,-3.090,10,-1,0,1440
0,0,1,0,2,0,1440,0
78,3.323,4.166,10,-1,0,1440
0,0,1,0,2,0,1440,0
79,3.949,-0.854,10,-1,0,1440
0,0,1,0,2,0,1440,0
80,5.450,7.081,10,-1,0,1440
0,0,1,0,2,0,1440,0
81,0.306,1.025,10,-1,0,1440
0,0,1,0,2,0,1440,0
82,5.183,-1.687,10,-1,0,1440
0,0,1,0,2,0,1440,0
83,7.642,1.135,10,-1,0,1440
0,0,1,0,2,0,1440,0
84,0.524,0.024,10,-1,0,1440
0,0,1,0,2,0,1440,0
85,5.059,3.425,10,-1,0,1440
0,0,1,0,2,0,1440,0
86,-0.523,-0.208,10,-1,0,1440
0,0,1,0,2,0,1440,0
87,2.419,2.584,10,-1,0,1440
0,0,1,0,2,0,1440,0
88,3.363,3.759,10,-1,0,1440
0,0,1,0,2,0,1440,0
89,3.144,-0.700,10,-1,0,1440
0,0,1,0,2,0,1440,0
90,3.071,-2.817,10,-1,0,1440
0,0,1,0,2,0,1440,0
91,4.986,0.104,10,-1,0,1440
0,0,1,0,2,0,1440,0
92,-3.577,1.414,10,-1,0,1440
0,0,1,0,2,0,1440,0
93,-2.931,0.489,10,-1,0,1440
0,0,1,0,2,0,1440,0
94,1.905,4.197,10,-1,0,1440
0,0,1,0,2,0,1440,0
95,2.760,1.393,10,-1,0,1440
0,0,1,0,2,0,1440,0
96,5.283,5.068,10,-1,0,1440
0,0,1,0,2,0,1440,0
