7,144,480,6,90
0,-1.839,0.112,0,0,0,1440
0,0,1,0,2,0,1440,0
1,-5.528,-2.437,10,1,0,1440
0,0,1,0,2,0,1440,0
2,-4.830,5.331,10,1,0,1440
0,0,1,0,2,0,1440,0
3,-4.907,-3.849,10,1,0,1440
0,0,1,0,2,0,1440,0
4,2.531,-1.856,10,1,0,1440
0,0,1,0,2,0,1440,0
5,-2.447,-0.382,10,1,0,1440
0,0,1,0,2,0,1440,0
6,2.459,-1.790,10,1,0,1440
0,0,1,0,2,0,1440,0
7,-1.042,6.036,10,1,0,1440
0,0,1,0,2,0,1440,0
8,3.818,-3.517,10,1,0,1440
0,0,1,0,2,0,1440,0
9,-6.828,9.307,10,1,0,1440
0,0,1,0,2,0,1440,0
10,-3.079,-5.734,10,1,0,1440
0,0,1,0,2,0,1440,0
11,-3.706,-1.212,10,1,0,1440
0,0,1,0,2,0,1440,0
12,-1.574,-4.764,10,1,0,1440
0,0,1,0,2,0,1440,0
13,-6.338,-2.292,10,1,0,1440
0,0,1,0,2,0,1440,0
14,-4.311,-4.344,10,1,0,1440
0,0,1,0,2,0,1440,0
15,-2.562,1.360,10,1,0,1440
0,0,1,0,2,0,1440,0
16,-0.263,1.663,10,1,0,1440
0,0,1,0,2,0,1440,0
17,-4.158,-2.850,10,1,0,1440
0,0,1,0,2,0,1440,0
18,0.208,1.288,10,1,0,1440
0,0,1,0,2,0,1440,0
19,0.392,-4.784,10,1,0,1440
0,0,1,0,2,0,1440,0
20,-8.329,2.632,10,1,0,1440
0,0,1,0,2,0,1440,0
21,-0.646,2.635,10,1,0,1440
0,0,1,0,2,0,1440,0
22,0.329,0.673,10,1,0,1440
0,0,1,0,2,0,1440,0
23,-3.487,3.043,10,1,0,1440
0,0,1,0,2,0,1440,0
24,1.555,-3.627,10,1,0,1440
0,0,1,0,2,0,1440,0
25,1.284,0.513,10,1,0,1440
0,0,1,0,2,0,1440,0
26,-4.845,-2.443,10,1,0,1440
0,0,1,0,2,0,1440,0
27,-8.854,-1.046,10,1,0,1440
0,0,1,0,2,0,1440,0
28,-2.977,0.100,10,1,0,1440
0,0,1,0,2,0,1440,0
29,0.983,3.842,10,1,0,1440
0,0,1,0,2,0,1440,0
30,0.141,9.294,10,1,0,1440
0,0,1,0,2,0,1440,0
31,-7.930,1.538,10,1,0,1440
0,0,1,0,2,0,1440,0
32,-3.065,4.006,10,1,0,1440
0,0,1,0,2,0,1440,0
33,1.893,2.164,10,1,0,1440
0,0,1,0,2,0,1440,0
34,4.509,-5.991,10,1,0,1440
0,0,1,0,2,0,1440,0
35,-3.495,-0.382,10,1,0,1440
0,0,1,0,2,0,1440,0
36,8.120,-7.474,10,1,0,1440
0,0,1,0,2,0,1440,0
37,1.559,-2.845,10,1,395,469
394,1,395,0,469,0,470,1
38,-7.219,2.955,10,1,187,253
186,1,187,0,253,0,254,1
39,-4.291,-2.268,10,1,456,530
455,1,456,0,529,0,530,0
40,-7.639,-5.749,10,1,266,316
265,1,266,0,316,0,317,1
41,-2.854,1.207,10,1,419,452
418,1,419,0,452,0,453,1
42,-6.139,2.653,10,1,173,206
172,1,173,0,206,0,207,1
43,-0.847,1.262,10,1,321,370
320,1,321,0,370,0,371,1
44,-6.147,3.339,10,1,291,349
290,1,291,0,349,0,350,1
45,-3.467,-2.759,10,1,242,302
241,1,242,0,302,0,303,1
46,1.031,-1.252,10,1,149,194
148,1,149,0,194,0,195,1
47,-8.301,7.700,10,1,249,317
248,1,249,0,317,0,318,1
48,-4.042,4.999,10,1,129,209
128,1,129,0,209,0,210,1
49,8.383,3.391,10,1,333,367
332,1,333,0,367,0,368,1
50,-2.056,-7.583,10,1,241,304
240,1,241,0,304,0,305,1
51,1.544,-1.872,10,1,127,208
126,1,127,0,208,0,209,1
52,-5.994,-6.580,10,1,192,279
191,1,192,0,279,0,280,1
53,0.515,4.781,10,1,315,382
314,1,315,0,382,0,383,1
54,4.601,1.499,10,1,296,359
295,1,296,0,359,0,360,1
55,8.298,-0.166,10,1,211,244
210,1,211,0,244,0,245,1
56,3.989,-3.892,10,1,435,478
434,1,435,0,478,0,479,1
57,9.084,-8.354,10,1,108,147
107,1,108,0,147,0,148,1
58,0.707,0.007,10,1,177,251
176,1,177,0,251,0,252,1
59,1.896,4.009,10,1,268,347
267,1,268,0,347,0,348,1
60,-8.049,5.821,10,1,148,233
147,1,148,0,233,0,234,1
61,6.446,-6.295,10,1,204,259
203,1,204,0,259,0,260,1
62,-4.362,-2.612,10,1,140,217
139,1,140,0,217,0,218,1
63,-1.841,1.030,10,1,85,136
84,1,85,0,136,0,137,1
64,-4.392,6.325,10,1,330,402
329,1,330,0,402,0,403,1
65,1.135,2.622,10,1,238,272
237,1,238,0,272,0,273,1
66,-0.700,3.824,10,1,174,239
173,1,174,0,239,0,240,1
67,7.408,-3.422,10,1,455,520
454,1,455,0,519,0,520,0
68,1.430,-0.080,10,1,289,352
288,1,289,0,352,0,353,1
69,-9.414,-4.878,10,1,146,182
145,1,146,0,182,0,183,1
70,1.533,-4.217,10,1,103,167
102,1,103,0,167,0,168,1
71,-4.664,-1.646,10,1,128,217
127,1,128,0,217,0,218,1
72,-0.096,-8.100,10,1,389,435
388,1,389,0,435,0,436,1
73,-3.744,-4.251,10,-1,127,160
126,1,127,0,160,0,161,1
74,-0.368,-6.907,10,-1,68,137
67,1,68,0,137,0,138,1
75,3.489,-2.090,10,-1,435,478
434,1,435,0,478,0,479,1
76,4.554,5.141,10,-1,307,351
306,1,307,0,351,0,352,1
77,-3.193,8.824,10,-1,335,411
334,1,335,0,411,0,412,1
78,-1.358,-2.696,10,-1,73,146
72,1,73,0,146,0,147,1
79,1.265,-4.834,10,-1,117,187
116,1,117,0,187,0,188,1
80,-4.618,-3.827,10,-1,241,304
240,1,241,0,304,0,305,1
81,-2.962,3.508,10,-1,375,447
374,1,375,0,447,0,448,1
82,1.370,4.399,10,-1,123,194
122,1,123,0,194,0,195,1
83,3.834,-4.634,10,-1,182,253
181,1,182,0,253,0,254,1
84,-2.623,2.451,10,-1,162,221
161,1,162,0,221,0,222,1
85,9.001,-4.364,10,-1,398,448
397,1,398,0,448,0,449,1
86,-0.700,2.252,10,-1,87,175
86,1,87,0,175,0,176,1
87,-2.999,-2.885,10,-1,205,286
204,1,205,0,286,0,287,1
88,-5.627,-6.474,10,-1,164,224
163,1,164,0,224,0,225,1
89,-8.742,9.080,10,-1,444,490
443,1,444,0,489,0,490,0
90,-0.576,5.403,10,-1,129,207
128,1,129,0,207,0,208,1
91,-3.484,-2.718,10,-1,269,344
268,1,269,0,344,0,345,1
92,-1.648,1.618,10,-1,79,118
78,1,79,0,118,0,119,1
93,2.371,2.949,10,-1,284,318
283,1,284,0,318,0,319,1
94,-4.099,4.659,10,-1,426,496
425,1,426,0,495,0,496,0
95,-5.352,-2.162,10,-1,377,425
376,1,377,0,425,0,426,1
96,-1.756,3.749,10,-1,159,219
158,1,159,0,219,0,220,1
97,-3.731,5.684,10,-1,63,116
62,1,63,0,116,0,117,1
98,7.152,2.251,10,-1,144,191
143,1,144,0,191,0,192,1
99,-4.186,2.771,10,-1,96,152
95,1,96,0,152,0,153,1
100,1.482,-8.212,10,-1,394,477
393,1,394,0,477,0,478,1
101,3.032,-5.532,10,-1,393,474
392,1,393,0,474,0,475,1
102,-3.917,4.800,10,-1,422,460
421,1,422,0,460,0,461,1
103,-9.442,1.519,10,-1,358,394
357,1,358,0,394,0,395,1
104,-0.781,1.127,10,-1,333,400
332,1,333,0,400,0,401,1
105,2.857,-4.991,10,-1,220,299
219,1,220,0,299,0,300,1
106,-2.065,2.455,10,-1,242,324
241,1,242,0,324,0,325,1
107,-3.096,-1.890,10,-1,300,358
299,1,300,0,358,0,359,1
108,0.172,-2.045,10,-1,233,294
232,1,233,0,294,0,295,1
109,-3.101,-2.111,10,-1,0,1440
0,0,1,0,2,0,1440,0
110,-8.572,-2.801,10,-1,0,1440
0,0,1,0,2,0,1440,0
111,5.883,-6.304,10,-1,0,1440
0,0,1,0,2,0,1440,0
112,-1.575,-5.269,10,-1,0,1440
0,0,1,0,2,0,1440,0
113,-7.166,5.118,10,-1,0,1440
0,0,1,0,2,0,1440,0
114,-9.263,-0.660,10,-1,0,1440
0,0,1,0,2,0,1440,0
115,3.351,-4.926,10,-1,0,1440
0,0,1,0,2,0,1440,0
116,5.931,5.409,10,-1,0,1440
0,0,1,0,2,0,1440,0
117,3.074,-2.844,10,-1,0,1440
0,0,1,0,2,0,1440,0
118,-5.590,1.846,10,-1,0,1440
0,0,1,0,2,0,1440,0
119,-8.996,-3.953,10,-1,0,1440
0,0,1,0,2,0,1440,0
120,3.644,2.082,10,-1,0,1440
0,0,1,0,2,0,1440,0
121,-5.367,-5.643,10,-1,0,1440
0,0,1,0,2,0,1440,0
122,-3.187,3.254,10,-1,0,1440
0,0,1,0,2,0,1440,0
123,0.566,1.276,10,-1,0,1440
0,0,1,0,2,0,1440,0
124,-5.290,4.280,10,-1,0,1440
0,0,1,0,2,0,1440,0
125,4.713,-4.546,10,-1,0,1440
0,0,1,0,2,0,1440,0
126,3.079,0.987,10,-1,0,1440
0,0,1,0,2,0,1440,0
127,-4.521,-5.629,10,-1,0,1440
0,0,1,0,2,0,1440,0
128,1.092,1.331,10,-1,0,1440
0,0,1,0,2,0,1440,0
129,-3.299,-3.400,10,-1,0,1440
0,0,1,0,2,0,1440,0
130,-4.087,3.058,10,-1,0,1440
0,0,1,0,2,0,1440,0
131,-6.935,8.041,10,-1,0,1440
0,0,1,0,2,0,1440,0
132,-5.897,-2.954,10,-1,0,1440
0,0,1,0,2,0,1440,0
133,-3.685,-3.371,10,-1,0,1440
0,0,1,0,2,0,1440,0
134,-2.182,6.537,10,-1,0,1440
0,0,1,0,2,0,1440,0
135,2.298,-4.101,10,-1,0,1440
0,0,1,0,2,0,1440,0
136,-7.756,5.981,10,-1,0,1440
0,0,1,0,2,0,1440,0
137,-4.720,6.772,10,-1,0,1440
0,0,1,0,2,0,1440,0
138,-2.161,3.517,10,-1,0,1440
0,0,1,0,2,0,1440,0
139,-5.568,-3.138,10,-1,0,1440
0,0,1,0,2,0,1440,0
140,-8.523,8.879,10,-1,0,1440
0,0,1,0,2,0,1440,0
141,-0.392,-6.353,10,-1,0,1440
0,0,1,0,2,0,1440,0
142,-5.856,5.938,10,-1,0,1440
0,0,1,0,2,0,1440,0
143,-2.454,1.494,10,-1,0,1440
0,0,1,0,2,0,1440,0
144,-4.878,1.697,10,-1,0,1440
0,0,1,0,2,0,1440,0
