9,192,480,6,90
0,-1.228,0.916,0,0,0,1440
0,0,1,0,2,0,1440,0
1,-4.463,-5.564,10,1,0,1440
0,0,1,0,2,0,1440,0
2,3.610,6.494,10,1,0,1440
0,0,1,0,2,0,1440,0
3,-2.547,4.458,10,1,0,1440
0,0,1,0,2,0,1440,0
4,-3.395,-7.306,10,1,0,1440
0,0,1,0,2,0,1440,0
5,4.565,3.573,10,1,0,1440
0,0,1,0,2,0,1440,0
6,1.495,-3.672,10,1,0,1440
0,0,1,0,2,0,1440,0
7,-0.148,4.720,10,1,0,1440
0,0,1,0,2,0,1440,0
8,0.215,-4.091,10,1,0,1440
0,0,1,0,2,0,1440,0
9,2.299,0.140,10,1,0,1440
0,0,1,0,2,0,1440,0
10,-2.886,0.596,10,1,0,1440
0,0,1,0,2,0,1440,0
11,-4.812,9.412,10,1,0,1440
0,0,1,0,2,0,1440,0
12,0.724,1.732,10,1,0,1440
0,0,1,0,2,0,1440,0
13,0.461,2.705,10,1,0,1440
0,0,1,0,2,0,1440,0
14,-1.397,2.820,10,1,0,1440
0,0,1,0,2,0,1440,0
15,1.295,-1.169,10,1,0,1440
0,0,1,0,2,0,1440,0
16,-3.667,2.310,10,1,0,1440
0,0,1,0,2,0,1440,0
17,-0.422,-4.931,10,1,0,1440
0,0,1,0,2,0,1440,0
18,0.109,-0.714,10,1,0,1440
0,0,1,0,2,0,1440,0
19,-5.696,2.791,10,1,0,1440
0,0,1,0,2,0,1440,0
20,-8.099,-7.769,10,1,0,1440
0,0,1,0,2,0,1440,0
21,7.226,5.903,10,1,0,1440
0,0,1,0,2,0,1440,0
22,-2.166,0.164,10,1,0,1440
0,0,1,0,2,0,1440,0
23,-2.015,-6.242,10,1,0,1440
0,0,1,0,2,0,1440,0
24,-4.816,0.629,10,1,0,1440
0,0,1,0,2,0,1440,0
25,-0.508,6.160,10,1,0,1440
0,0,1,0,2,0,1440,0
26,1.714,-4.705,10,1,0,1440
0,0,1,0,2,0,1440,0
27,-1.606,0.856,10,1,0,1440
0,0,1,0,2,0,1440,0
28,0.668,-2.707,10,1,0,1440
0,0,1,0,2,0,1440,0
29,1.503,-3.498,10,1,0,1440
0,0,1,0,2,0,1440,0
30,3.795,7.391,10,1,0,1440
0,0,1,0,2,0,1440,0
31,-4.120,-4.302,10,1,0,1440
0,0,1,0,2,0,1440,0
32,3.254,1.179,10,1,0,1440
0,0,1,0,2,0,1440,0
33,-2.031,-2.024,10,1,0,1440
0,0,1,0,2,0,1440,0
34,-3.548,1.914,10,1,0,1440
0,0,1,0,2,0,1440,0
35,5.804,5.666,10,1,0,1440
0,0,1,0,2,0,1440,0
36,-3.669,-0.626,10,1,0,1440
0,0,1,0,2,0,1440,0
37,0.045,-4.673,10,1,0,1440
0,0,1,0,2,0,1440,0
38,-1.969,3.898,10,1,0,1440
0,0,1,0,2,0,1440,0
39,-4.734,2.091,10,1,0,1440
0,0,1,0,2,0,1440,0
40,-7.924,-5.768,10,1,0,1440
0,0,1,0,2,0,1440,0
41,0.560,-3.408,10,1,0,1440
0,0,1,0,2,0,1440,0
42,3.445,-0.829,10,1,0,1440
0,0,1,0,2,0,1440,0
43,1.850,-5.115,10,1,0,1440
0,0,1,0,2,0,1440,0
44,-0.435,-4.452,10,1,0,1440
0,0,1,0,2,0,1440,0
45,-1.415,-7.416,10,1,0,1440
0,0,1,0,2,0,1440,0
46,1.987,7.752,10,1,0,1440
0,0,1,0,2,0,1440,0
47,-5.008,1.787,10,1,0,1440
0,0,1,0,2,0,1440,0
48,4.279,-7.988,10,1,0,1440
0,0,1,0,2,0,1440,0
49,0.152,-2.903,10,1,333,367
332,1,333,0,367,0,368,1
50,1.473,-0.344,10,1,241,304
240,1,241,0,304,0,305,1
51,-2.617,-4.900,10,1,127,208
126,1,127,0,208,0,209,1
52,-6.387,-0.527,10,1,192,279
191,1,192,0,279,0,280,1
53,-5.414,0.709,10,1,315,382
314,1,315,0,382,0,383,1
54,1.793,-3.409,10,1,296,359
295,1,296,0,359,0,360,1
55,-9.871,3.455,10,1,211,244
210,1,211,0,244,0,245,1
56,2.880,-0.858,10,1,435,478
434,1,435,0,478,0,479,1
57,0.272,9.059,10,1,108,147
107,1,108,0,147,0,148,1
58,-3.102,4.894,10,1,177,251
176,1,177,0,251,0,252,1
59,-4.655,4.232,10,1,268,347
267,1,268,0,347,0,348,1
60,2.729,5.818,10,1,148,233
147,1,148,0,233,0,234,1
61,2.881,-2.803,10,1,204,259
203,1,204,0,259,0,260,1
62,-2.610,1.133,10,1,140,217
139,1,140,0,217,0,218,1
63,0.054,-2.622,10,1,85,136
84,1,85,0,136,0,137,1
64,-5.046,0.781,10,1,330,402
329,1,330,0,402,0,403,1
65,3.000,1.909,10,1,238,272
237,1,238,0,272,0,273,1
66,-1.260,2.206,10,1,174,239
173,1,174,0,239,0,240,1
67,2.201,-0.864,10,1,455,520
454,1,455,0,519,0,520,0
68,0.894,0.287,10,1,289,352
288,1,289,0,352,0,353,1
69,-1.981,0.092,10,1,146,182
145,1,146,0,182,0,183,1
70,-0.423,3.125,10,1,103,167
102,1,103,0,167,0,168,1
71,1.798,-0.041,10,1,128,217
127,1,128,0,217,0,218,1
72,-0.235,4.294,10,1,389,435
388,1,389,0,435,0,436,1
73,-1.652,6.808,10,1,127,160
126,1,127,0,160,0,161,1
74,-0.119,4.202,10,1,68,137
67,1,68,0,137,0,138,1
75,5.663,-4.402,10,1,435,478
434,1,435,0,478,0,479,1
76,5.748,3.550,10,1,307,351
306,1,307,0,351,0,352,1
77,-2.610,0.748,10,1,335,411
334,1,335,0,411,0,412,1
78,0.749,-5.724,10,1,73,146
72,1,73,0,146,0,147,1
79,-2.209,5.578,10,1,117,187
116,1,117,0,187,0,188,1
80,1.987,3.882,10,1,241,304
240,1,241,0,304,0,305,1
81,0.531,4.922,10,1,375,447
374,1,375,0,447,0,448,1
82,1.515,0.630,10,1,123,194
122,1,123,0,194,0,195,1
83,0.548,-3.150,10,1,182,253
181,1,182,0,253,0,254,1
84,0.796,-2.866,10,1,162,221
161,1,162,0,221,0,222,1
85,-7.581,0.401,10,1,398,448
397,1,398,0,448,0,449,1
86,-4.367,-6.165,10,1,87,175
86,1,87,0,175,0,176,1
87,-0.258,-6.214,10,1,205,286
204,1,205,0,286,0,287,1
88,-1.884,-3.688,10,1,164,224
163,1,164,0,224,0,225,1
89,2.084,2.117,10,1,444,490
443,1,444,0,489,0,490,0
90,0.314,-1.922,10,1,129,207
128,1,129,0,207,0,208,1
91,-2.036,1.888,10,1,269,344
268,1,269,0,344,0,345,1
92,-0.090,-5.494,10,1,79,118
78,1,79,0,118,0,119,1
93,-2.955,0.928,10,1,284,318
283,1,284,0,318,0,319,1
94,0.505,-3.505,10,1,426,496
425,1,426,0,495,0,496,0
95,2.776,4.871,10,1,377,425
376,1,377,0,425,0,426,1
96,1.208,-4.235,10,1,159,219
158,1,159,0,219,0,220,1
97,-5.127,4.114,10,-1,63,116
62,1,63,0,116,0,117,1
98,-2.908,0.429,10,-1,144,191
143,1,144,0,191,0,192,1
99,-1.855,-1.482,10,-1,96,152
95,1,96,0,152,0,153,1
100,0.786,-4.945,10,-1,394,477
393,1,394,0,477,0,478,1
101,-1.912,-3.209,10,-1,393,474
392,1,393,0,474,0,475,1
102,1.765,-5.227,10,-1,422,460
421,1,422,0,460,0,461,1
103,1.691,-6.296,10,-1,358,394
357,1,358,0,394,0,395,1
104,1.899,0.622,10,-1,333,400
332,1,333,0,400,0,401,1
105,-6.888,-6.454,10,-1,220,299
219,1,220,0,299,0,300,1
106,-1.336,2.026,10,-1,242,324
241,1,242,0,324,0,325,1
107,-4.444,6.372,10,-1,300,358
299,1,300,0,358,0,359,1
108,-0.650,7.144,10,-1,75,111
74,1,75,0,111,0,112,1
109,-5.198,2.541,10,-1,295,379
294,1,295,0,379,0,380,1
110,-0.074,5.949,10,-1,387,435
386,1,387,0,435,0,436,1
111,-6.468,8.304,10,-1,150,181
149,1,150,0,181,0,182,1
112,-1.127,-3.594,10,-1,406,449
405,1,406,0,449,0,450,1
113,-1.686,0.778,10,-1,230,261
229,1,230,0,261,0,262,1
114,1.984,-4.981,10,-1,279,338
278,1,279,0,338,0,339,1
115,-1.628,-0.294,10,-1,258,307
257,1,258,0,307,0,308,1
116,0.836,6.704,10,-1,222,268
221,1,222,0,268,0,269,1
117,3.088,2.432,10,-1,135,180
134,1,135,0,180,0,181,1
118,9.352,-2.023,10,-1,232,315
231,1,232,0,315,0,316,1
119,-0.933,-5.618,10,-1,212,245
211,1,212,0,245,0,246,1
120,-3.444,-6.331,10,-1,276,350
275,1,276,0,350,0,351,1
121,2.094,-0.565,10,-1,429,516
428,1,429,0,515,0,516,0
122,-0.342,8.959,10,-1,322,379
321,1,322,0,379,0,380,1
123,-1.874,4.523,10,-1,240,309
239,1,240,0,309,0,310,1
124,0.243,-3.052,10,-1,294,383
293,1,294,0,383,0,384,1
125,-2.886,5.662,10,-1,300,350
299,1,300,0,350,0,351,1
126,7.688,-2.990,10,-1,188,265
187,1,188,0,265,0,266,1
127,-9.047,1.028,10,-1,210,247
209,1,210,0,247,0,248,1
128,-3.510,4.655,10,-1,64,139
63,1,64,0,139,0,140,1
129,-4.840,4.385,10,-1,126,188
125,1,126,0,188,0,189,1
130,-4.100,2.670,10,-1,168,235
167,1,168,0,235,0,236,1
131,1.370,3.461,10,-1,417,485
416,1,417,0,484,0,485,0
132,-7.147,1.145,10,-1,438,469
437,1,438,0,469,0,470,1
133,-3.623,5.190,10,-1,436,484
435,1,436,0,483,0,484,0
134,-3.947,0.491,10,-1,446,491
445,1,446,0,490,0,491,0
135,-1.657,2.377,10,-1,217,273
216,1,217,0,273,0,274,1
136,1.075,-2.855,10,-1,60,105
59,1,60,0,105,0,106,1
137,-2.303,4.702,10,-1,222,289
221,1,222,0,289,0,290,1
138,-0.881,2.122,10,-1,356,435
355,1,356,0,435,0,436,1
139,-4.004,2.744,10,-1,181,226
180,1,181,0,226,0,227,1
140,-3.744,-4.104,10,-1,399,480
398,1,399,0,479,0,480,0
141,4.822,0.009,10,-1,313,349
312,1,313,0,349,0,350,1
142,-0.032,6.824,10,-1,332,419
331,1,332,0,419,0,420,1
143,-1.429,-3.342,10,-1,163,232
162,1,163,0,232,0,233,1
144,-0.144,-3.481,10,-1,401,489
400,1,401,0,488,0,489,0
145,-3.445,4.235,10,-1,0,1440
0,0,1,0,2,0,1440,0
146,0.868,-6.618,10,-1,0,1440
0,0,1,0,2,0,1440,0
147,-6.125,-5.137,10,-1,0,1440
0,0,1,0,2,0,1440,0
148,-0.109,0.991,10,-1,0,1440
0,0,1,0,2,0,1440,0
149,-1.657,6.655,10,-1,0,1440
0,0,1,0,2,0,1440,0
150,0.844,5.284,10,-1,0,1440
0,0,1,0,2,0,1440,0
151,-2.203,-3.690,10,-1,0,1440
0,0,1,0,2,0,1440,0
152,1.577,1.732,10,-1,0,1440
0,0,1,0,2,0,1440,0
153,0.900,-1.869,10,-1,0,1440
0,0,1,0,2,0,1440,0
154,-0.458,0.349,10,-1,0,1440
0,0,1,0,2,0,1440,0
155,0.887,4.066,10,-1,0,1440
0,0,1,0,2,0,1440,0
156,2.609,-3.397,10,-1,0,1440
0,0,1,0,2,0,1440,0
157,-3.250,3.953,10,-1,0,1440
0,0,1,0,2,0,1440,0
158,-3.263,-8.258,10,-1,0,1440
0,0,1,0,2,0,1440,0
159,-9.849,2.202,10,-1,0,1440
0,0,1,0,2,0,1440,0
160,-5.905,0.416,10,-1,0,1440
0,0,1,0,2,0,1440,0
161,0.743,-0.257,10,-1,0,1440
0,0,1,0,2,0,1440,0
162,-5.960,1.247,10,-1,0,1440
0,0,1,0,2,0,1440,0
163,-1.122,-3.183,10,-1,0,1440
0,0,1,0,2,0,1440,0
164,-1.681,-3.504,10,-1,0,1440
0,0,1,0,2,0,1440,0
165,2.186,1.814,10,-1,0,1440
0,0,1,0,2,0,1440,0
166,4.504,-6.132,10,-1,0,1440
0,0,1,0,2,0,1440,0
167,-4.882,2.557,10,-1,0,1440
0,0,1,0,2,0,1440,0
168,-3.218,-1.674,10,-1,0,1440
0,0,1,0,2,0,1440,0
169,1.244,-4.149,10,-1,0,1440
0,0,1,0,2,0,1440,0
170,-2.108,-7.708,10,-1,0,1440
0,0,1,0,2,0,1440,0
171,-1.782,-1.852,10,-1,0,1440
0,0,1,0,2,0,1440,0
172,4.833,9.352,10,-1,0,1440
0,0,1,0,2,0,1440,0
173,-1.868,4.901,10,-1,0,1440
0,0,1,0,2,0,1440,0
174,1.214,3.004,10,-1,0,1440
0,0,1,0,2,0,1440,0
175,0.311,-4.030,10,-1,0,1440
0,0,1,0,2,0,1440,0
176,1.713,3.708,10,-1,0,1440
0,0,1,0,2,0,1440,0
177,2.258,0.084,10,-1,0,1440
0,0,1,0,2,0,1440,0
178,-3.043,5.294,10,-1,0,1440
0,0,1,0,2,0,1440,0
179,3.377,-6.711,10,-1,0,1440
0,0,1,0,2,0,1440,0
180,0.541,0.153,10,-1,0,1440
0,0,1,0,2,0,1440,0
181,7.216,3.010,10,-1,0,1440
0,0,1,0,2,0,1440,0
182,-2.411,-3.462,10,-1,0,1440
0,0,1,0,2,0,1440,0
183,1.741,7.515,10,-1,0,1440
0,0,1,0,2,0,1440,0
184,1.064,-6.005,10,-1,0,1440
0,0,1,0,2,0,1440,0
185,-0.518,-4.900,10,-1,0,1440
0,0,1,0,2,0,1440,0
186,-1.934,2.112,10,-1,0,1440
0,0,1,0,2,0,1440,0
187,-4.680,-1.466,10,-1,0,1440
0,0,1,0,2,0,1440,0
188,-1.678,4.344,10,-1,0,1440
0,0,1,0,2,0,1440,0
189,1.409,-1.361,10,-1,0,1440
0,0,1,0,2,0,1440,0
190,-2.106,2.602,10,-1,0,1440
0,0,1,0,2,0,1440,0
191,3.981,-4.067,10,-1,0,1440
0,0,1,0,2,0,1440,0
192,5.206,3.033,10,-1,0,1440
0,0,1,0,2,0,1440,0
