11,240,480,6,90
0,0.868,-1.044,0,0,0,1440
0,0,1,0,2,0,1440,0
1,6.599,-4.983,10,1,0,1440
0,0,1,0,2,0,1440,0
2,-3.694,-3.674,10,1,0,1440
0,0,1,0,2,0,1440,0
3,-0.273,1.877,10,1,0,1440
0,0,1,0,2,0,1440,0
4,3.112,-3.591,10,1,0,1440
0,0,1,0,2,0,1440,0
5,0.279,0.801,10,1,0,1440
0,0,1,0,2,0,1440,0
6,3.115,4.367,10,1,0,1440
0,0,1,0,2,0,1440,0
7,-3.630,-2.131,10,1,0,1440
0,0,1,0,2,0,1440,0
8,5.281,3.505,10,1,0,1440
0,0,1,0,2,0,1440,0
9,1.127,2.066,10,1,0,1440
0,0,1,0,2,0,1440,0
10,-0.062,2.311,10,1,0,1440
0,0,1,0,2,0,1440,0
11,4.309,-1.236,10,1,0,1440
0,0,1,0,2,0,1440,0
12,0.685,1.907,10,1,0,1440
0,0,1,0,2,0,1440,0
13,-0.685,2.532,10,1,0,1440
0,0,1,0,2,0,1440,0
14,-2.793,-2.371,10,1,0,1440
0,0,1,0,2,0,1440,0
15,3.324,-3.049,10,1,0,1440
0,0,1,0,2,0,1440,0
16,6.388,-5.288,10,1,0,1440
0,0,1,0,2,0,1440,0
17,-1.367,-4.394,10,1,0,1440
0,0,1,0,2,0,1440,0
18,-0.065,-2.750,10,1,0,1440
0,0,1,0,2,0,1440,0
19,5.941,-4.926,10,1,0,1440
0,0,1,0,2,0,1440,0
20,2.717,-0.571,10,1,0,1440
0,0,1,0,2,0,1440,0
21,7.000,-2.084,10,1,0,1440
0,0,1,0,2,0,1440,0
22,3.533,-6.517,10,1,0,1440
0,0,1,0,2,0,1440,0
23,-1.439,-4.224,10,1,0,1440
0,0,1,0,2,0,1440,0
24,1.937,3.027,10,1,0,1440
0,0,1,0,2,0,1440,0
25,-3.979,1.010,10,1,0,1440
0,0,1,0,2,0,1440,0
26,-1.575,-4.020,10,1,0,1440
0,0,1,0,2,0,1440,0
27,-2.842,-4.050,10,1,0,1440
0,0,1,0,2,0,1440,0
28,2.708,0.973,10,1,0,1440
0,0,1,0,2,0,1440,0
29,2.220,-0.922,10,1,0,1440
0,0,1,0,2,0,1440,0
30,-0.083,-0.653,10,1,0,1440
0,0,1,0,2,0,1440,0
31,1.022,7.553,10,1,0,1440
0,0,1,0,2,0,1440,0
32,0.745,1.850,10,1,0,1440
0,0,1,0,2,0,1440,0
33,4.891,-2.029,10,1,0,1440
0,0,1,0,2,0,1440,0
34,-1.896,-2.968,10,1,0,1440
0,0,1,0,2,0,1440,0
35,1.682,-0.666,10,1,0,1440
0,0,1,0,2,0,1440,0
36,0.251,-3.042,10,1,0,1440
0,0,1,0,2,0,1440,0
37,1.542,0.491,10,1,0,1440
0,0,1,0,2,0,1440,0
38,6.031,8.980,10,1,0,1440
0,0,1,0,2,0,1440,0
39,4.040,-4.537,10,1,0,1440
0,0,1,0,2,0,1440,0
40,-2.684,-5.427,10,1,0,1440
0,0,1,0,2,0,1440,0
41,6.917,7.258,10,1,0,1440
0,0,1,0,2,0,1440,0
42,-2.282,4.617,10,1,0,1440
0,0,1,0,2,0,1440,0
43,-1.426,-3.025,10,1,0,1440
0,0,1,0,2,0,1440,0
44,7.605,1.207,10,1,0,1440
0,0,1,0,2,0,1440,0
45,6.304,6.002,10,1,0,1440
0,0,1,0,2,0,1440,0
46,-2.024,-8.197,10,1,0,1440
0,0,1,0,2,0,1440,0
47,-4.117,-4.202,10,1,0,1440
0,0,1,0,2,0,1440,0
48,7.920,-2.902,10,1,0,1440
0,0,1,0,2,0,1440,0
49,-2.073,-0.707,10,1,0,1440
0,0,1,0,2,0,1440,0
50,-0.416,-5.350,10,1,0,1440
0,0,1,0,2,0,1440,0
51,3.959,-4.046,10,1,0,1440
0,0,1,0,2,0,1440,0
52,-4.713,-7.785,10,1,0,1440
0,0,1,0,2,0,1440,0
53,-0.123,4.918,10,1,0,1440
0,0,1,0,2,0,1440,0
54,-0.037,-2.726,10,1,0,1440
0,0,1,0,2,0,1440,0
55,3.154,-0.872,10,1,0,1440
0,0,1,0,2,0,1440,0
56,-0.013,-2.026,10,1,0,1440
0,0,1,0,2,0,1440,0
57,6.639,-2.669,10,1,0,1440
0,0,1,0,2,0,1440,0
58,0.610,-6.409,10,1,0,1440
0,0,1,0,2,0,1440,0
59,1.354,-2.087,10,1,0,1440
0,0,1,0,2,0,1440,0
60,5.421,-0.654,10,1,0,1440
0,0,1,0,2,0,1440,0
61,2.205,-3.414,10,1,334,410
333,1,334,0,410,0,411,1
62,-0.972,0.471,10,1,86,167
85,1,86,0,167,0,168,1
63,-1.158,-4.686,10,1,91,157
90,1,91,0,157,0,158,1
64,-0.290,-0.030,10,1,213,288
212,1,213,0,288,0,289,1
65,1.384,-4.445,10,1,367,446
366,1,367,0,446,0,447,1
66,1.748,2.775,10,1,135,187
134,1,135,0,187,0,188,1
67,0.297,-4.369,10,1,317,398
316,1,317,0,398,0,399,1
68,-4.435,-3.820,10,1,443,508
442,1,443,0,507,0,508,0
69,-5.940,0.151,10,1,479,525
478,1,479,0,524,0,525,0
70,-1.345,-7.553,10,1,357,444
356,1,357,0,444,0,445,1
71,-0.552,-5.195,10,1,138,185
137,1,138,0,185,0,186,1
72,-0.959,-2.688,10,1,206,288
205,1,206,0,288,0,289,1
73,1.932,2.950,10,1,235,281
234,1,235,0,281,0,282,1
74,2.625,3.674,10,1,389,465
388,1,389,0,465,0,466,1
75,4.371,-2.803,10,1,424,477
423,1,424,0,477,0,478,1
76,-5.203,-3.534,10,1,150,211
149,1,150,0,211,0,212,1
77,-0.844,-0.012,10,1,129,175
128,1,129,0,175,0,176,1
78,8.911,6.212,10,1,222,266
221,1,222,0,266,0,267,1
79,0.607,-1.613,10,1,433,508
432,1,433,0,507,0,508,0
80,2.709,-0.510,10,1,477,544
476,1,477,0,543,0,544,0
81,2.753,-1.534,10,1,303,343
302,1,303,0,343,0,344,1
82,4.251,3.206,10,1,478,519
477,1,478,0,518,0,519,0
83,2.531,1.269,10,1,75,159
74,1,75,0,159,0,160,1
84,4.778,-1.277,10,1,388,420
387,1,388,0,420,0,421,1
85,-0.314,-1.384,10,1,137,196
136,1,137,0,196,0,197,1
86,1.248,-7.810,10,1,475,527
474,1,475,0,526,0,527,0
87,-2.104,-0.343,10,1,389,439
388,1,389,0,439,0,440,1
88,-0.315,-5.543,10,1,162,204
161,1,162,0,204,0,205,1
89,5.301,8.490,10,1,320,351
319,1,320,0,351,0,352,1
90,3.564,-4.755,10,1,471,530
470,1,471,0,529,0,530,0
91,4.343,-1.844,10,1,233,274
232,1,233,0,274,0,275,1
92,0.660,-5.458,10,1,64,128
63,1,64,0,128,0,129,1
93,8.795,9.401,10,1,260,313
259,1,260,0,313,0,314,1
94,3.910,-4.874,10,1,404,455
403,1,404,0,455,0,456,1
95,-4.834,-2.648,10,1,123,201
122,1,123,0,201,0,202,1
96,7.200,-0.925,10,1,474,547
473,1,474,0,546,0,547,0
97,-3.773,0.335,10,1,474,562
473,1,474,0,561,0,562,0
98,-6.597,-3.675,10,1,448,479
447,1,448,0,479,0,480,1
99,-1.667,-3.528,10,1,434,506
433,1,434,0,505,0,506,0
100,1.074,-0.467,10,1,84,118
83,1,84,0,118,0,119,1
101,1.559,-0.582,10,1,142,174
141,1,142,0,174,0,175,1
102,2.161,-1.811,10,1,248,336
247,1,248,0,336,0,337,1
103,0.978,4.928,10,1,222,293
221,1,222,0,293,0,294,1
104,9.415,-0.449,10,1,137,167
136,1,137,0,167,0,168,1
105,1.038,-1.630,10,1,361,400
360,1,361,0,400,0,401,1
106,-0.145,-0.086,10,1,268,305
267,1,268,0,305,0,306,1
107,-0.622,2.530,10,1,212,272
211,1,212,0,272,0,273,1
108,-0.625,1.022,10,1,358,438
357,1,358,0,438,0,439,1
109,-1.744,-7.080,10,1,441,502
440,1,441,0,501,0,502,0
110,-5.509,-4.385,10,1,146,179
145,1,146,0,179,0,180,1
111,-0.944,2.372,10,1,203,244
202,1,203,0,244,0,245,1
112,0.898,3.541,10,1,392,441
391,1,392,0,441,0,442,1
113,-1.675,-0.081,10,1,133,205
132,1,133,0,205,0,206,1
114,6.685,-3.784,10,1,207,241
206,1,207,0,241,0,242,1
115,1.472,-2.372,10,1,237,291
236,1,237,0,291,0,292,1
116,3.347,2.003,10,1,120,187
119,1,120,0,187,0,188,1
117,6.639,-7.011,10,1,252,317
251,1,252,0,317,0,318,1
118,-0.566,0.888,10,1,312,392
311,1,312,0,392,0,393,1
119,-0.510,-4.673,10,1,179,256
178,1,179,0,256,0,257,1
120,-0.883,5.574,10,1,418,448
417,1,418,0,448,0,449,1
121,0.585,-0.319,10,-1,459,510
458,1,459,0,509,0,510,0
122,-2.573,-3.769,10,-1,116,164
115,1,116,0,164,0,165,1
123,-1.536,-2.455,10,-1,421,501
420,1,421,0,500,0,501,0
124,4.379,-1.110,10,-1,124,200
123,1,124,0,200,0,201,1
125,1.766,-2.560,10,-1,217,268
216,1,217,0,268,0,269,1
126,-3.962,5.488,10,-1,406,479
405,1,406,0,479,0,480,1
127,-2.455,-4.322,10,-1,291,357
290,1,291,0,357,0,358,1
128,-2.689,-1.274,10,-1,79,152
78,1,79,0,152,0,153,1
129,3.416,-3.846,10,-1,199,252
198,1,199,0,252,0,253,1
130,-4.731,-2.947,10,-1,393,468
392,1,393,0,468,0,469,1
131,4.937,-2.559,10,-1,399,485
398,1,399,0,484,0,485,0
132,0.370,-1.645,10,-1,217,263
216,1,217,0,263,0,264,1
133,2.243,-2.327,10,-1,282,370
281,1,282,0,370,0,371,1
134,-3.755,-2.961,10,-1,107,185
106,1,107,0,185,0,186,1
135,2.555,0.367,10,-1,379,467
378,1,379,0,467,0,468,1
136,-1.522,0.328,10,-1,403,475
402,1,403,0,475,0,476,1
137,-1.294,-0.750,10,-1,193,280
192,1,193,0,280,0,281,1
138,-2.211,2.643,10,-1,70,110
69,1,70,0,110,0,111,1
139,-1.794,0.773,10,-1,395,435
394,1,395,0,435,0,436,1
140,-2.123,1.449,10,-1,456,496
455,1,456,0,495,0,496,0
141,0.350,-1.971,10,-1,286,362
285,1,286,0,362,0,363,1
142,3.260,-1.494,10,-1,433,468
432,1,433,0,468,0,469,1
143,-0.574,-2.830,10,-1,222,308
221,1,222,0,308,0,309,1
144,-0.613,-3.962,10,-1,403,476
402,1,403,0,476,0,477,1
145,-0.246,1.282,10,-1,200,266
199,1,200,0,266,0,267,1
146,-0.647,0.847,10,-1,259,297
258,1,259,0,297,0,298,1
147,-3.789,-3.612,10,-1,291,372
290,1,291,0,372,0,373,1
148,1.085,-1.875,10,-1,231,265
230,1,231,0,265,0,266,1
149,5.010,0.864,10,-1,406,467
405,1,406,0,467,0,468,1
150,4.684,0.471,10,-1,436,501
435,1,436,0,500,0,501,0
151,1.960,-1.041,10,-1,264,336
263,1,264,0,336,0,337,1
152,-3.895,5.294,10,-1,185,263
184,1,185,0,263,0,264,1
153,-0.064,-2.129,10,-1,340,389
339,1,340,0,389,0,390,1
154,4.091,-3.377,10,-1,472,530
471,1,472,0,529,0,530,0
155,-0.057,-6.230,10,-1,271,356
270,1,271,0,356,0,357,1
156,-0.978,2.679,10,-1,328,360
327,1,328,0,360,0,361,1
157,3.426,-2.389,10,-1,353,414
352,1,353,0,414,0,415,1
158,2.957,-2.456,10,-1,117,152
116,1,117,0,152,0,153,1
159,1.638,-5.889,10,-1,255,342
254,1,255,0,342,0,343,1
160,6.188,-1.517,10,-1,398,475
397,1,398,0,475,0,476,1
161,4.009,-0.963,10,-1,298,344
297,1,298,0,344,0,345,1
162,0.012,-0.464,10,-1,454,491
453,1,454,0,490,0,491,0
163,-0.893,-4.390,10,-1,114,164
113,1,114,0,164,0,165,1
164,-0.714,-5.743,10,-1,144,231
143,1,144,0,231,0,232,1
165,0.755,-2.121,10,-1,424,459
423,1,424,0,459,0,460,1
166,0.395,0.730,10,-1,287,338
286,1,287,0,338,0,339,1
167,-1.512,9.202,10,-1,401,481
400,1,401,0,480,0,481,0
168,8.482,-2.452,10,-1,127,185
126,1,127,0,185,0,186,1
169,-5.232,3.068,10,-1,129,167
128,1,129,0,167,0,168,1
170,0.754,1.382,10,-1,458,528
457,1,458,0,527,0,528,0
171,-2.148,3.036,10,-1,89,154
88,1,89,0,154,0,155,1
172,3.605,2.988,10,-1,359,435
358,1,359,0,435,0,436,1
173,1.278,-4.094,10,-1,108,188
107,1,108,0,188,0,189,1
174,-1.729,-1.025,10,-1,417,481
416,1,417,0,480,0,481,0
175,-1.054,1.240,10,-1,397,466
396,1,397,0,466,0,467,1
176,-1.585,-5.946,10,-1,219,271
218,1,219,0,271,0,272,1
177,2.927,-0.222,10,-1,453,502
452,1,453,0,501,0,502,0
178,-1.260,-5.893,10,-1,266,300
265,1,266,0,300,0,301,1
179,-1.730,-3.530,10,-1,339,410
338,1,339,0,410,0,411,1
180,5.705,-5.035,10,-1,163,206
162,1,163,0,206,0,207,1
181,2.694,1.744,10,-1,0,1440
0,0,1,0,2,0,1440,0
182,-0.620,-0.888,10,-1,0,1440
0,0,1,0,2,0,1440,0
183,1.698,-1.632,10,-1,0,1440
0,0,1,0,2,0,1440,0
184,8.371,-3.252,10,-1,0,1440
0,0,1,0,2,0,1440,0
185,1.245,3.459,10,-1,0,1440
0,0,1,0,2,0,1440,0
186,1.506,6.700,10,-1,0,1440
0,0,1,0,2,0,1440,0
187,2.582,-0.584,10,-1,0,1440
0,0,1,0,2,0,1440,0
188,1.367,-1.483,10,-1,0,1440
0,0,1,0,2,0,1440,0
189,4.832,-0.516,10,-1,0,1440
0,0,1,0,2,0,1440,0
190,1.349,1.974,10,-1,0,1440
0,0,1,0,2,0,1440,0
191,-1.851,6.540,10,-1,0,1440
0,0,1,0,2,0,1440,0
192,1.755,3.838,10,-1,0,1440
0,0,1,0,2,0,1440,0
193,3.777,-1.600,10,-1,0,1440
0,0,1,0,2,0,1440,0
194,4.797,-3.031,10,-1,0,1440
0,0,1,0,2,0,1440,0
195,3.881,3.624,10,-1,0,1440
0,0,1,0,2,0,1440,0
196,-1.609,-4.284,10,-1,0,1440
0,0,1,0,2,0,1440,0
197,2.866,-0.199,10,-1,0,1440
0,0,1,0,2,0,1440,0
198,-0.586,-0.186,10,-1,0,1440
0,0,1,0,2,0,1440,0
199,6.052,6.342,10,-1,0,1440
0,0,1,0,2,0,1440,0
200,6.320,-4.777,10,-1,0,1440
0,0,1,0,2,0,1440,0
201,-1.531,-2.329,10,-1,0,1440
0,0,1,0,2,0,1440,0
202,-0.287,0.079,10,-1,0,1440
0,0,1,0,2,0,1440,0
203,3.206,-1.018,10,-1,0,1440
0,0,1,0,2,0,1440,0
204,-1.863,-2.567,10,-1,0,1440
0,0,1,0,2,0,1440,0
205,-0.363,2.543,10,-1,0,1440
0,0,1,0,2,0,1440,0
206,1.048,2.289,10,-1,0,1440
0,0,1,0,2,0,1440,0
207,0.182,-0.301,10,-1,0,1440
0,0,1,0,2,0,1440,0
208,-2.527,-1.218,10,-1,0,1440
0,0,1,0,2,0,1440,0
209,5.693,-7.551,10,-1,0,1440
0,0,1,0,2,0,1440,0
210,1.389,-3.623,10,-1,0,1440
0,0,1,0,2,0,1440,0
211,3.252,-2.952,10,-1,0,1440
0,0,1,0,2,0,1440,0
212,0.480,-0.729,10,-1,0,1440
0,0,1,0,2,0,1440,0
213,1.137,-0.834,10,-1,0,1440
0,0,1,0,2,0,1440,0
214,1.713,-2.465,10,-1,0,1440
0,0,1,0,2,0,1440,0
215,-3.366,-4.124,10,-1,0,1440
0,0,1,0,2,0,1440,0
216,-3.239,-5.088,10,-1,0,1440
0,0,1,0,2,0,1440,0
217,2.304,-1.450,10,-1,0,1440
0,0,1,0,2,0,1440,0
218,-2.186,-3.950,10,-1,0,1440
0,0,1,0,2,0,1440,0
219,3.201,7.733,10,-1,0,1440
0,0,1,0,2,0,1440,0
220,1.383,-7.619,10,-1,0,1440
0,0,1,0,2,0,1440,0
221,-0.805,-2.118,10,-1,0,1440
0,0,1,0,2,0,1440,0
222,2.539,4.661,10,-1,0,1440
0,0,1,0,2,0,1440,0
223,4.954,-5.464,10,-1,0,1440
0,0,1,0,2,0,1440,0
224,6.342,-0.864,10,-1,0,1440
0,0,1,0,2,0,1440,0
225,0.230,-0.554,10,-1,0,1440
0,0,1,0,2,0,1440,0
226,5.242,2.990,10,-1,0,1440
0,0,1,0,2,0,1440,0
227,0.930,-1.625,10,-1,0,1440
0,0,1,0,2,0,1440,0
228,3.484,-9.619,10,-1,0,1440
0,0,1,0,2,0,1440,0
229,-2.106,-4.150,10,-1,0,1440
0,0,1,0,2,0,1440,0
230,2.845,1.024,10,-1,0,1440
0,0,1,0,2,0,1440,0
231,1.625,-2.258,10,-1,0,1440
0,0,1,0,2,0,1440,0
232,-3.664,-3.403,10,-1,0,1440
0,0,1,0,2,0,1440,0
233,-2.736,-5.018,10,-1,0,1440
0,0,1,0,2,0,1440,0
234,-5.370,1.133,10,-1,0,1440
0,0,1,0,2,0,1440,0
235,2.628,-0.599,10,-1,0,1440
0,0,1,0,2,0,1440,0
236,-3.152,3.459,10,-1,0,1440
0,0,1,0,2,0,1440,0
237,-1.461,-3.151,10,-1,0,1440
0,0,1,0,2,0,1440,0
238,-0.424,-3.087,10,-1,0,1440
0,0,1,0,2,0,1440,0
239,-1.852,-2.949,10,-1,0,1440
0,0,1,0,2,0,1440,0
240,-1.713,-1.940,10,-1,0,1440
0,0,1,0,2,0,1440,0
