13,288,480,6,90
0,-0.268,-0.947,0,0,0,1440
0,0,1,0,2,0,1440,0
1,-6.617,-3.781,10,1,0,1440
0,0,1,0,2,0,1440,0
2,0.267,-3.522,10,1,0,1440
0,0,1,0,2,0,1440,0
3,3.875,0.862,10,1,0,1440
0,0,1,0,2,0,1440,0
4,6.265,2.067,10,1,0,1440
0,0,1,0,2,0,1440,0
5,6.097,-0.611,10,1,0,1440
0,0,1,0,2,0,1440,0
6,-9.854,-3.953,10,1,0,1440
0,0,1,0,2,0,1440,0
7,0.841,-8.127,10,1,0,1440
0,0,1,0,2,0,1440,0
8,-1.457,2.606,10,1,0,1440
0,0,1,0,2,0,1440,0
9,-3.419,-7.670,10,1,0,1440
0,0,1,0,2,0,1440,0
10,5.514,-3.391,10,1,0,1440
0,0,1,0,2,0,1440,0
11,1.587,0.872,10,1,0,1440
0,0,1,0,2,0,1440,0
12,-6.342,-2.028,10,1,0,1440
0,0,1,0,2,0,1440,0
13,-0.936,-4.221,10,1,0,1440
0,0,1,0,2,0,1440,0
14,-5.362,0.373,10,1,0,1440
0,0,1,0,2,0,1440,0
15,5.349,-0.331,10,1,0,1440
0,0,1,0,2,0,1440,0
16,-2.261,-3.279,10,1,0,1440
0,0,1,0,2,0,1440,0
17,3.961,-0.155,10,1,0,1440
0,0,1,0,2,0,1440,0
18,1.670,-2.275,10,1,0,1440
0,0,1,0,2,0,1440,0
19,-5.124,-1.376,10,1,0,1440
0,0,1,0,2,0,1440,0
20,-2.991,1.438,10,1,0,1440
0,0,1,0,2,0,1440,0
21,-7.044,-2.791,10,1,0,1440
0,0,1,0,2,0,1440,0
22,-7.539,-3.081,10,1,0,1440
0,0,1,0,2,0,1440,0
23,1.059,-2.893,10,1,0,1440
0,0,1,0,2,0,1440,0
24,8.634,-4.594,10,1,0,1440
0,0,1,0,2,0,1440,0
25,0.386,3.458,10,1,0,1440
0,0,1,0,2,0,1440,0
26,-3.760,-4.211,10,1,0,1440
0,0,1,0,2,0,1440,0
27,6.944,0.138,10,1,0,1440
0,0,1,0,2,0,1440,0
28,-1.382,0.125,10,1,0,1440
0,0,1,0,2,0,1440,0
29,-2.712,-3.804,10,1,0,1440
0,0,1,0,2,0,1440,0
30,-6.935,-1.473,10,1,0,1440
0,0,1,0,2,0,1440,0
31,5.857,2.935,10,1,0,1440
0,0,1,0,2,0,1440,0
32,5.810,3.170,10,1,0,1440
0,0,1,0,2,0,1440,0
33,-6.225,-1.643,10,1,0,1440
0,0,1,0,2,0,1440,0
34,-6.638,1.359,10,1,0,1440
0,0,1,0,2,0,1440,0
35,6.803,-1.248,10,1,0,1440
0,0,1,0,2,0,1440,0
36,-3.070,-4.168,10,1,0,1440
0,0,1,0,2,0,1440,0
37,-5.539,-5.105,10,1,0,1440
0,0,1,0,2,0,1440,0
38,3.624,-0.265,10,1,0,1440
0,0,1,0,2,0,1440,0
39,-0.122,0.559,10,1,0,1440
0,0,1,0,2,0,1440,0
40,1.028,-2.395,10,1,0,1440
0,0,1,0,2,0,1440,0
41,-0.716,3.686,10,1,0,1440
0,0,1,0,2,0,1440,0
42,-9.020,6.117,10,1,0,1440
0,0,1,0,2,0,1440,0
43,4.637,6.508,10,1,0,1440
0,0,1,0,2,0,1440,0
44,1.335,3.137,10,1,0,1440
0,0,1,0,2,0,1440,0
45,-7.357,-2.884,10,1,0,1440
0,0,1,0,2,0,1440,0
46,-4.153,-3.710,10,1,0,1440
0,0,1,0,2,0,1440,0
47,-6.094,-2.725,10,1,0,1440
0,0,1,0,2,0,1440,0
48,3.831,5.438,10,1,0,1440
0,0,1,0,2,0,1440,0
49,2.631,1.198,10,1,0,1440
0,0,1,0,2,0,1440,0
50,1.030,-4.835,10,1,0,1440
0,0,1,0,2,0,1440,0
51,5.242,-2.836,10,1,0,1440
0,0,1,0,2,0,1440,0
52,-4.376,-3.934,10,1,0,1440
0,0,1,0,2,0,1440,0
53,4.932,1.139,10,1,0,1440
0,0,1,0,2,0,1440,0
54,4.559,0.435,10,1,0,1440
0,0,1,0,2,0,1440,0
55,-2.599,-1.581,10,1,0,1440
0,0,1,0,2,0,1440,0
56,6.525,-5.963,10,1,0,1440
0,0,1,0,2,0,1440,0
57,1.211,-3.439,10,1,0,1440
0,0,1,0,2,0,1440,0
58,1.239,-1.625,10,1,0,1440
0,0,1,0,2,0,1440,0
59,0.053,6.961,10,1,0,1440
0,0,1,0,2,0,1440,0
60,-0.868,0.777,10,1,0,1440
0,0,1,0,2,0,1440,0
61,4.147,-3.502,10,1,0,1440
0,0,1,0,2,0,1440,0
62,1.186,-3.497,10,1,0,1440
0,0,1,0,2,0,1440,0
63,-0.131,-5.806,10,1,0,1440
0,0,1,0,2,0,1440,0
64,0.602,-3.102,10,1,0,1440
0,0,1,0,2,0,1440,0
65,0.179,-3.254,10,1,0,1440
0,0,1,0,2,0,1440,0
66,2.927,-0.649,10,1,0,1440
0,0,1,0,2,0,1440,0
67,2.395,1.074,10,1,0,1440
0,0,1,0,2,0,1440,0
68,-6.589,4.091,10,1,0,1440
0,0,1,0,2,0,1440,0
69,-1.010,2.626,10,1,0,1440
0,0,1,0,2,0,1440,0
70,5.809,6.735,10,1,0,1440
0,0,1,0,2,0,1440,0
71,9.002,0.948,10,1,0,1440
0,0,1,0,2,0,1440,0
72,-0.662,1.522,10,1,0,1440
0,0,1,0,2,0,1440,0
73,-0.287,-4.284,10,1,342,417
341,1,342,0,417,0,418,1
74,-3.771,-0.731,10,1,121,155
120,1,121,0,155,0,156,1
75,4.417,-1.122,10,1,299,374
298,1,299,0,374,0,375,1
76,-5.870,-0.281,10,1,295,328
294,1,295,0,328,0,329,1
77,-0.391,1.007,10,1,309,381
308,1,309,0,381,0,382,1
78,-4.137,-0.150,10,1,191,230
190,1,191,0,230,0,231,1
79,5.818,2.756,10,1,132,203
131,1,132,0,203,0,204,1
80,-6.386,2.615,10,1,199,284
198,1,199,0,284,0,285,1
81,-5.679,-1.592,10,1,349,396
348,1,349,0,396,0,397,1
82,2.222,-2.751,10,1,69,104
68,1,69,0,104,0,105,1
83,-0.103,-1.484,10,1,380,411
379,1,380,0,411,0,412,1
84,-5.770,-1.048,10,1,69,143
68,1,69,0,143,0,144,1
85,8.085,0.630,10,1,231,307
230,1,231,0,307,0,308,1
86,0.289,1.082,10,1,219,257
218,1,219,0,257,0,258,1
87,-3.739,-0.780,10,1,156,206
155,1,156,0,206,0,207,1
88,-3.360,-2.674,10,1,438,522
437,1,438,0,521,0,522,0
89,9.520,2.423,10,1,95,127
94,1,95,0,127,0,128,1
90,-1.390,2.933,10,1,468,537
467,1,468,0,536,0,537,0
91,-5.346,0.930,10,1,399,460
398,1,399,0,460,0,461,1
92,6.758,1.301,10,1,361,415
360,1,361,0,415,0,416,1
93,-8.388,-5.327,10,1,159,190
158,1,159,0,190,0,191,1
94,3.026,-7.243,10,1,293,347
292,1,293,0,347,0,348,1
95,-2.233,-2.054,10,1,364,447
363,1,364,0,447,0,448,1
96,0.374,-3.546,10,1,196,250
195,1,196,0,250,0,251,1
97,-2.009,-4.398,10,1,133,183
132,1,133,0,183,0,184,1
98,-4.769,-2.110,10,1,269,355
268,1,269,0,355,0,356,1
99,-2.045,-1.385,10,1,213,274
212,1,213,0,274,0,275,1
100,3.452,0.397,10,1,345,421
344,1,345,0,421,0,422,1
101,2.051,-1.188,10,1,182,215
181,1,182,0,215,0,216,1
102,-4.604,-2.256,10,1,444,505
443,1,444,0,504,0,505,0
103,-3.963,2.538,10,1,225,303
224,1,225,0,303,0,304,1
104,-0.102,5.043,10,1,239,297
238,1,239,0,297,0,298,1
105,-2.863,2.349,10,1,422,475
421,1,422,0,475,0,476,1
106,-5.300,-1.625,10,1,115,185
114,1,115,0,185,0,186,1
107,-0.335,-2.295,10,1,451,532
450,1,451,0,531,0,532,0
108,-6.264,-2.635,10,1,89,129
88,1,89,0,129,0,130,1
109,2.540,0.053,10,1,431,498
430,1,431,0,497,0,498,0
110,-2.990,7.292,10,1,302,368
301,1,302,0,368,0,369,1
111,2.663,0.197,10,1,276,360
275,1,276,0,360,0,361,1
112,-0.981,3.500,10,1,69,140
68,1,69,0,140,0,141,1
113,-0.776,-4.243,10,1,164,225
163,1,164,0,225,0,226,1
114,2.892,-0.712,10,1,324,390
323,1,324,0,390,0,391,1
115,4.769,3.611,10,1,79,127
78,1,79,0,127,0,128,1
116,-5.317,0.521,10,1,222,272
221,1,222,0,272,0,273,1
117,1.756,1.321,10,1,214,262
213,1,214,0,262,0,263,1
118,0.684,-0.250,10,1,422,497
421,1,422,0,496,0,497,0
119,-1.732,9.726,10,1,109,156
108,1,109,0,156,0,157,1
120,2.241,2.653,10,1,161,249
160,1,161,0,249,0,250,1
121,-7.309,-1.325,10,1,349,401
348,1,349,0,401,0,402,1
122,-6.500,-0.458,10,1,333,400
332,1,333,0,400,0,401,1
123,-3.491,-4.390,10,1,155,228
154,1,155,0,228,0,229,1
124,-9.235,-0.452,10,1,391,427
390,1,391,0,427,0,428,1
125,0.065,-0.850,10,1,207,258
206,1,207,0,258,0,259,1
126,0.505,-3.732,10,1,362,443
361,1,362,0,443,0,444,1
127,-1.908,-1.418,10,1,172,246
171,1,172,0,246,0,247,1
128,-7.170,-1.145,10,1,294,355
293,1,294,0,355,0,356,1
129,-4.558,-2.872,10,1,171,212
170,1,171,0,212,0,213,1
130,-2.835,-2.391,10,1,114,162
113,1,114,0,162,0,163,1
131,-1.649,3.092,10,1,268,329
267,1,268,0,329,0,330,1
132,-8.342,-2.093,10,1,333,414
332,1,333,0,414,0,415,1
133,-1.205,-2.061,10,1,404,464
403,1,404,0,464,0,465,1
134,-0.718,-6.372,10,1,323,409
322,1,323,0,409,0,410,1
135,3.455,-0.888,10,1,397,479
396,1,397,0,479,0,480,1
136,-0.487,7.369,10,1,445,504
444,1,445,0,503,0,504,0
137,-3.601,-0.388,10,1,162,226
161,1,162,0,226,0,227,1
138,-2.840,-2.182,10,1,107,165
106,1,107,0,165,0,166,1
139,-5.628,-1.511,10,1,183,267
182,1,183,0,267,0,268,1
140,-1.102,4.215,10,1,304,372
303,1,304,0,372,0,373,1
141,-6.309,-6.257,10,1,171,219
170,1,171,0,219,0,220,1
142,2.949,7.994,10,1,274,335
273,1,274,0,335,0,336,1
143,-6.567,-0.024,10,1,78,112
77,1,78,0,112,0,113,1
144,4.613,-2.042,10,1,80,128
79,1,80,0,128,0,129,1
145,0.158,-1.636,10,-1,166,206
165,1,166,0,206,0,207,1
146,4.028,-0.138,10,-1,321,395
320,1,321,0,395,0,396,1
147,-1.527,4.225,10,-1,352,398
351,1,352,0,398,0,399,1
148,3.322,-1.661,10,-1,317,378
316,1,317,0,378,0,379,1
149,-7.239,1.307,10,-1,391,435
390,1,391,0,435,0,436,1
150,-2.449,0.527,10,-1,250,315
249,1,250,0,315,0,316,1
151,-0.660,-3.096,10,-1,106,158
105,1,106,0,158,0,159,1
152,3.129,2.133,10,-1,95,146
94,1,95,0,146,0,147,1
153,2.056,0.038,10,-1,456,497
455,1,456,0,496,0,497,0
154,-6.720,-4.134,10,-1,407,451
406,1,407,0,451,0,452,1
155,2.217,-4.037,10,-1,100,154
99,1,100,0,154,0,155,1
156,3.116,0.222,10,-1,430,481
429,1,430,0,480,0,481,0
157,7.463,3.022,10,-1,357,410
356,1,357,0,410,0,411,1
158,6.070,8.112,10,-1,435,510
434,1,435,0,509,0,510,0
159,-6.074,2.413,10,-1,252,338
251,1,252,0,338,0,339,1
160,0.198,1.752,10,-1,86,158
85,1,86,0,158,0,159,1
161,-8.057,-3.820,10,-1,111,182
110,1,111,0,182,0,183,1
162,-4.993,-3.671,10,-1,254,333
253,1,254,0,333,0,334,1
163,-6.045,-2.782,10,-1,463,497
462,1,463,0,496,0,497,0
164,-7.875,-4.423,10,-1,201,275
200,1,201,0,275,0,276,1
165,5.426,-0.926,10,-1,194,271
193,1,194,0,271,0,272,1
166,-4.206,-2.664,10,-1,203,258
202,1,203,0,258,0,259,1
167,-5.734,-1.672,10,-1,128,183
127,1,128,0,183,0,184,1
168,-0.128,-1.333,10,-1,390,426
389,1,390,0,426,0,427,1
169,-2.416,3.920,10,-1,320,386
319,1,320,0,386,0,387,1
170,1.791,-4.044,10,-1,204,276
203,1,204,0,276,0,277,1
171,5.983,-0.367,10,-1,69,112
68,1,69,0,112,0,113,1
172,-0.351,0.626,10,-1,92,165
91,1,92,0,165,0,166,1
173,4.017,0.859,10,-1,319,407
318,1,319,0,407,0,408,1
174,-0.169,-5.438,10,-1,263,297
262,1,263,0,297,0,298,1
175,-3.603,-1.707,10,-1,443,505
442,1,443,0,504,0,505,0
176,0.728,-0.414,10,-1,391,423
390,1,391,0,423,0,424,1
177,3.022,-0.683,10,-1,157,202
156,1,157,0,202,0,203,1
178,-2.638,-6.306,10,-1,419,460
418,1,419,0,460,0,461,1
179,2.877,-0.003,10,-1,198,239
197,1,198,0,239,0,240,1
180,0.263,0.507,10,-1,454,522
453,1,454,0,521,0,522,0
181,0.360,-2.160,10,-1,472,518
471,1,472,0,517,0,518,0
182,-6.495,-1.096,10,-1,93,131
92,1,93,0,131,0,132,1
183,1.867,-4.101,10,-1,355,437
354,1,355,0,437,0,438,1
184,2.929,1.280,10,-1,166,215
165,1,166,0,215,0,216,1
185,0.453,2.665,10,-1,261,326
260,1,261,0,326,0,327,1
186,2.536,2.972,10,-1,76,136
75,1,76,0,136,0,137,1
187,5.735,-1.540,10,-1,405,442
404,1,405,0,442,0,443,1
188,-1.157,-1.901,10,-1,157,213
156,1,157,0,213,0,214,1
189,-4.544,-7.181,10,-1,96,168
95,1,96,0,168,0,169,1
190,0.220,-0.356,10,-1,276,306
275,1,276,0,306,0,307,1
191,-0.185,-2.448,10,-1,170,218
169,1,170,0,218,0,219,1
192,-5.985,-4.894,10,-1,75,134
74,1,75,0,134,0,135,1
193,7.008,-1.782,10,-1,294,377
293,1,294,0,377,0,378,1
194,-0.493,2.875,10,-1,347,430
346,1,347,0,430,0,431,1
195,-4.662,-2.353,10,-1,94,161
93,1,94,0,161,0,162,1
196,-4.987,-3.534,10,-1,285,318
284,1,285,0,318,0,319,1
197,-6.750,0.814,10,-1,439,506
438,1,439,0,505,0,506,0
198,3.119,-1.824,10,-1,148,214
147,1,148,0,214,0,215,1
199,-4.214,-5.270,10,-1,263,320
262,1,263,0,320,0,321,1
200,-1.509,1.893,10,-1,452,539
451,1,452,0,538,0,539,0
201,-7.862,-2.434,10,-1,85,173
84,1,85,0,173,0,174,1
202,5.147,-0.961,10,-1,256,339
255,1,256,0,339,0,340,1
203,2.999,-3.106,10,-1,98,169
97,1,98,0,169,0,170,1
204,4.674,0.145,10,-1,195,235
194,1,195,0,235,0,236,1
205,-5.295,3.174,10,-1,234,314
233,1,234,0,314,0,315,1
206,1.054,-6.143,10,-1,135,205
134,1,135,0,205,0,206,1
207,-1.595,-5.601,10,-1,120,163
119,1,120,0,163,0,164,1
208,-0.778,-5.473,10,-1,132,204
131,1,132,0,204,0,205,1
209,1.105,-2.091,10,-1,105,186
104,1,105,0,186,0,187,1
210,-2.436,-2.305,10,-1,308,349
307,1,308,0,349,0,350,1
211,0.295,-2.040,10,-1,262,299
261,1,262,0,299,0,300,1
212,-8.265,2.432,10,-1,166,219
165,1,166,0,219,0,220,1
213,-1.213,4.207,10,-1,374,431
373,1,374,0,431,0,432,1
214,-9.803,-3.636,10,-1,478,521
477,1,478,0,520,0,521,0
215,-6.110,-1.348,10,-1,449,534
448,1,449,0,533,0,534,0
216,-3.914,0.629,10,-1,97,155
96,1,97,0,155,0,156,1
217,4.118,0.797,10,-1,0,1440
0,0,1,0,2,0,1440,0
218,0.425,1.983,10,-1,0,1440
0,0,1,0,2,0,1440,0
219,-3.414,-3.792,10,-1,0,1440
0,0,1,0,2,0,1440,0
220,-0.456,2.357,10,-1,0,1440
0,0,1,0,2,0,1440,0
221,3.789,-0.195,10,-1,0,1440
0,0,1,0,2,0,1440,0
222,7.826,1.594,10,-1,0,1440
0,0,1,0,2,0,1440,0
223,-0.866,-2.511,10,-1,0,1440
0,0,1,0,2,0,1440,0
224,1.007,3.716,10,-1,0,1440
0,0,1,0,2,0,1440,0
225,-4.262,-4.699,10,-1,0,1440
0,0,1,0,2,0,1440,0
226,9.216,-9.418,10,-1,0,1440
0,0,1,0,2,0,1440,0
227,3.220,-3.984,10,-1,0,1440
0,0,1,0,2,0,1440,0
228,-5.523,-1.503,10,-1,0,1440
0,0,1,0,2,0,1440,0
229,-2.675,-2.149,10,-1,0,1440
0,0,1,0,2,0,1440,0
230,-7.551,-0.071,10,-1,0,1440
0,0,1,0,2,0,1440,0
231,3.402,1.266,10,-1,0,1440
0,0,1,0,2,0,1440,0
232,-0.264,-2.083,10,-1,0,1440
0,0,1,0,2,0,1440,0
233,5.337,1.377,10,-1,0,1440
0,0,1,0,2,0,1440,0
234,-1.495,-4.026,10,-1,0,1440
0,0,1,0,2,0,1440,0
235,6.783,0.575,10,-1,0,1440
0,0,1,0,2,0,1440,0
236,-1.322,-2.603,10,-1,0,1440
0,0,1,0,2,0,1440,0
237,0.417,-3.262,10,-1,0,1440
0,0,1,0,2,0,1440,0
238,-2.605,-3.331,10,-1,0,1440
0,0,1,0,2,0,1440,0
239,3.196,-4.570,10,-1,0,1440
0,0,1,0,2,0,1440,0
240,9.682,2.621,10,-1,0,1440
0,0,1,0,2,0,1440,0
241,-4.470,-3.785,10,-1,0,1440
0,0,1,0,2,0,1440,0
242,3.342,1.179,10,-1,0,1440
0,0,1,0,2,0,1440,0
243,-3.519,1.923,10,-1,0,1440
0,0,1,0,2,0,1440,0
244,-1.423,-7.499,10,-1,0,1440
0,0,1,0,2,0,1440,0
245,3.716,-0.084,10,-1,0,1440
0,0,1,0,2,0,1440,0
246,-5.170,-2.645,10,-1,0,1440
0,0,1,0,2,0,1440,0
247,2.353,0.590,10,-1,0,1440
0,0,1,0,2,0,1440,0
248,-1.843,5.371,10,-1,0,1440
0,0,1,0,2,0,1440,0
249,-1.134,-1.762,10,-1,0,1440
0,0,1,0,2,0,1440,0
250,-0.781,-3.590,10,-1,0,1440
0,0,1,0,2,0,1440,0
251,0.352,2.694,10,-1,0,1440
0,0,1,0,2,0,1440,0
252,-4.659,-2.227,10,-1,0,1440
0,0,1,0,2,0,1440,0
253,-0.300,-0.055,10,-1,0,1440
0,0,1,0,2,0,1440,0
254,3.215,1.715,10,-1,0,1440
0,0,1,0,2,0,1440,0
255,3.202,1.301,10,-1,0,1440
0,0,1,0,2,0,1440,0
256,-0.663,2.989,10,-1,0,1440
0,0,1,0,2,0,1440,0
257,7.778,-2.540,10,-1,0,1440
0,0,1,0,2,0,1440,0
258,3.071,6.570,10,-1,0,1440
0,0,1,0,2,0,1440,0
259,-4.381,-4.304,10,-1,0,1440
0,0,1,0,2,0,1440,0
260,4.956,1.683,10,-1,0,1440
0,0,1,0,2,0,1440,0
261,-2.893,-0.044,10,-1,0,1440
0,0,1,0,2,0,1440,0
262,4.036,1.638,10,-1,0,1440
0,0,1,0,2,0,1440,0
263,2.275,4.067,10,-1,0,1440
0,0,1,0,2,0,1440,0
264,-0.147,0.657,10,-1,0,1440
0,0,1,0,2,0,1440,0
265,-0.119,1.686,10,-1,0,1440
0,0,1,0,2,0,1440,0
266,0.803,4.182,10,-1,0,1440
0,0,1,0,2,0,1440,0
267,-4.402,-2.278,10,-1,0,1440
0,0,1,0,2,0,1440,0
268,1.237,-1.135,10,-1,0,1440
0,0,1,0,2,0,1440,0
269,3.328,1.588,10,-1,0,1440
0,0,1,0,2,0,1440,0
270,-3.479,-1.504,10,-1,0,1440
0,0,1,0,2,0,1440,0
271,-9.686,-1.939,10,-1,0,1440
0,0,1,0,2,0,1440,0
272,3.843,-0.535,10,-1,0,1440
0,0,1,0,2,0,1440,0
273,-2.539,0.022,10,-1,0,1440
0,0,1,0,2,0,1440,0
274,0.085,-3.186,10,-1,0,1440
0,0,1,0,2,0,1440,0
275,-2.402,9.569,10,-1,0,1440
0,0,1,0,2,0,1440,0
276,-0.427,3.547,10,-1,0,1440
0,0,1,0,2,0,1440,0
277,-0.693,0.185,10,-1,0,1440
0,0,1,0,2,0,1440,0
278,-7.095,-0.322,10,-1,0,1440
0,0,1,0,2,0,1440,0
279,-3.265,-1.652,10,-1,0,1440
0,0,1,0,2,0,1440,0
280,4.286,-2.168,10,-1,0,1440
0,0,1,0,2,0,1440,0
281,0.518,0.640,10,-1,0,1440
0,0,1,0,2,0,1440,0
282,3.692,-0.499,10,-1,0,1440
0,0,1,0,2,0,1440,0
283,4.959,2.778,10,-1,0,1440
0,0,1,0,2,0,1440,0
284,4.504,1.079,10,-1,0,1440
0,0,1,0,2,0,1440,0
285,0.769,1.406,10,-1,0,1440
0,0,1,0,2,0,1440,0
286,-6.091,1.864,10,-1,0,1440
0,0,1,0,2,0,1440,0
287,-6.450,0.892,10,-1,0,1440
0,0,1,0,2,0,1440,0
288,3.716,-1.499,10,-1,0,1440
0,0,1,0,2,0,1440,0
