2,16,480,3,30
0,0.000,0.000,0,0,0,480
0,0,0,0,0,1440,1,-0
1,-1.198,-5.164,3,1,0,1440
0,1440,0,0
2,5.573,7.114,3,1,0,1440
0,1440,0,0
3,-6.614,0.072,3,1,0,1440
0,1440,0,0
4,-7.374,-1.107,3,1,0,1440
0,1440,0,0
5,-9.251,8.321,3,1,0,1440
0,1440,0,0
6,6.498,-6.036,3,1,0,1440
0,1440,0,0
7,0.861,6.903,3,1,0,1440
0,1440,0,0
8,3.904,-5.261,3,1,0,1440
0,1440,0,0
9,7.976,-9.000,3,1,276,291
0,276,-1,276,276,291,0,0,291,1440,1,-291
10,-2.610,0.039,3,1,32,47
0,32,-1,32,32,47,0,0,47,1440,1,-47
11,4.487,7.142,3,1,115,130
0,115,-1,115,115,130,0,0,130,1440,1,-130
12,8.938,-4.388,3,1,14,29
0,14,-1,14,14,29,0,0,29,1440,1,-29
13,-4.172,-9.096,3,1,198,213
0,198,-1,198,198,213,0,0,213,1440,1,-213
14,7.835,-9.269,3,1,160,175
0,160,-1,160,160,175,0,0,175,1440,1,-175
15,2.792,-7.944,3,1,180,195
0,180,-1,180,180,195,0,0,195,1440,1,-195
16,5.212,9.271,3,1,366,381
0,366,-1,366,366,381,0,0,381,1440,1,-381
17,6.687,6.731,3,-1,402,417
0,402,-1,402,402,417,0,0,417,1440,1,-417
18,-2.192,-9.210,3,-1,322,337
0,322,-1,322,322,337,0,0,337,1440,1,-337
19,-1.061,8.752,3,-1,179,194
0,179,-1,179,179,194,0,0,194,1440,1,-194
20,6.883,0.882,3,-1,138,153
0,138,-1,138,138,153,0,0,153,1440,1,-153
21,5.586,-1.554,3,-1,82,97
0,82,-1,82,82,97,0,0,97,1440,1,-97
22,-9.865,1.398,3,-1,49,64
0,49,-1,49,49,64,0,0,64,1440,1,-64
23,-9.800,5.697,3,-1,400,415
0,400,-1,400,400,415,0,0,415,1440,1,-415
24,1.271,1.018,3,-1,298,313
0,298,-1,298,298,313,0,0,313,1440,1,-313
25,4.404,-1.952,3,-1,0,1440
0,1440,0,0
26,0.673,6.283,3,-1,0,1440
0,1440,0,0
27,7.032,2.808,3,-1,0,1440
0,1440,0,0
28,-0.694,-7.098,3,-1,0,1440
0,1440,0,0
29,3.763,-7.269,3,-1,0,1440
0,1440,0,0
30,6.634,-7.426,3,-1,0,1440
0,1440,0,0
31,-9.450,3.792,3,-1,0,1440
0,1440,0,0
32,-8.819,-4.749,3,-1,0,1440
0,1440,0,0
