3,48,480,6,90
0,-1.044,2.000,0,0,0,1440
0,480,0,0
1,-2.973,6.414,10,1,0,1440
0,480,0,0
2,-3.066,0.546,10,1,0,1440
0,480,0,0
3,5.164,0.547,10,1,0,1440
0,480,0,0
4,-1.317,6.934,10,1,0,1440
0,480,0,0
5,-6.741,6.832,10,1,0,1440
0,480,0,0
6,4.891,0.627,10,1,0,1440
0,480,0,0
7,0.524,2.226,10,1,0,1440
0,480,0,0
8,-6.500,7.723,10,1,0,1440
0,480,0,0
9,-0.417,-0.157,10,1,0,1440
0,480,0,0
10,2.303,1.164,10,1,0,1440
0,480,0,0
11,2.548,0.629,10,1,0,1440
0,480,0,0
12,-4.261,-2.639,10,1,0,1440
0,480,0,0
13,-7.667,9.934,10,1,325,358
0,325,-1,325,325,358,0,0,358,480,1,-358
14,-2.067,5.789,10,1,111,152
0,111,-1,111,111,152,0,0,152,480,1,-152
15,-5.204,0.657,10,1,395,421
0,395,-1,395,395,421,0,0,421,480,1,-421
16,-4.138,5.082,10,1,386,401
0,386,-1,386,386,401,0,0,401,480,1,-401
17,-9.194,2.759,10,1,86,114
0,86,-1,86,86,114,0,0,114,480,1,-114
18,-6.512,3.021,10,1,409,426
0,409,-1,409,409,426,0,0,426,480,1,-426
19,1.860,9.672,10,1,454,470
0,454,-1,454,454,470,0,0,470,480,1,-470
20,-4.094,8.321,10,1,175,202
0,175,-1,175,175,202,0,0,202,480,1,-202
21,-3.776,-3.333,10,1,416,453
0,416,-1,416,416,453,0,0,453,480,1,-453
22,2.377,2.908,10,1,147,177
0,147,-1,147,147,177,0,0,177,480,1,-177
23,-4.303,2.045,10,1,471,499
0,471,-1,471,471,480,0,0
24,-3.530,-2.490,10,1,321,346
0,321,-1,321,321,346,0,0,346,480,1,-346
25,-5.476,1.437,10,-1,258,287
0,258,-1,258,258,287,0,0,287,480,1,-287
26,-4.933,3.337,10,-1,329,361
0,329,-1,329,329,361,0,0,361,480,1,-361
27,5.740,2.382,10,-1,209,252
0,209,-1,209,209,252,0,0,252,480,1,-252
28,-2.275,5.541,10,-1,416,460
0,416,-1,416,416,460,0,0,460,480,1,-460
29,-5.662,7.334,10,-1,305,349
0,305,-1,305,305,349,0,0,349,480,1,-349
30,-3.856,-0.370,10,-1,432,458
0,432,-1,432,432,458,0,0,458,480,1,-458
31,-1.678,1.954,10,-1,202,236
0,202,-1,202,202,236,0,0,236,480,1,-236
32,-1.156,1.161,10,-1,225,252
0,225,-1,225,225,252,0,0,252,480,1,-252
33,-4.655,9.797,10,-1,102,123
0,102,-1,102,102,123,0,0,123,480,1,-123
34,1.623,0.932,10,-1,260,276
0,260,-1,260,260,276,0,0,276,480,1,-276
35,0.129,0.735,10,-1,178,215
0,178,-1,178,178,215,0,0,215,480,1,-215
36,-2.640,2.953,10,-1,381,397
0,381,-1,381,381,397,0,0,397,480,1,-397
37,0.435,1.469,10,-1,0,1440
0,480,0,0
38,-5.066,-2.313,10,-1,0,1440
0,480,0,0
39,-2.283,-0.981,10,-1,0,1440
0,480,0,0
40,-7.110,-1.862,10,-1,0,1440
0,480,0,0
41,-0.785,3.207,10,-1,0,1440
0,480,0,0
42,1.188,-2.493,10,-1,0,1440
0,480,0,0
43,-1.893,-2.373,10,-1,0,1440
0,480,0,0
44,-1.192,1.175,10,-1,0,1440
0,480,0,0
45,2.984,1.163,10,-1,0,1440
0,480,0,0
46,1.227,-5.581,10,-1,0,1440
0,480,0,0
47,-3.793,-2.161,10,-1,0,1440
0,480,0,0
48,4.288,-0.297,10,-1,0,1440
0,480,0,0
