5,96,480,6,90
0,3.022,2.479,0,0,0,1440
0,1440,0,0
1,3.359,3.075,10,1,0,1440
0,1440,0,0
2,4.883,6.531,10,1,0,1440
0,1440,0,0
3,8.618,5.934,10,1,0,1440
0,1440,0,0
4,3.927,-3.306,10,1,0,1440
0,1440,0,0
5,-2.337,8.685,10,1,0,1440
0,1440,0,0
6,4.813,9.559,10,1,0,1440
0,1440,0,0
7,-1.636,9.331,10,1,0,1440
0,1440,0,0
8,-5.770,-6.560,10,1,0,1440
0,1440,0,0
9,0.715,3.268,10,1,0,1440
0,1440,0,0
10,4.295,6.870,10,1,0,1440
0,1440,0,0
11,3.708,-0.211,10,1,0,1440
0,1440,0,0
12,7.776,5.582,10,1,0,1440
0,1440,0,0
13,-1.746,-5.657,10,1,0,1440
0,1440,0,0
14,5.857,5.989,10,1,0,1440
0,1440,0,0
15,5.778,1.534,10,1,0,1440
0,1440,0,0
16,-2.233,3.607,10,1,0,1440
0,1440,0,0
17,-0.708,3.049,10,1,0,1440
0,1440,0,0
18,5.566,6.042,10,1,0,1440
0,1440,0,0
19,-1.431,1.146,10,1,0,1440
0,1440,0,0
20,-2.972,2.427,10,1,0,1440
0,1440,0,0
21,4.322,0.074,10,1,0,1440
0,1440,0,0
22,4.518,3.547,10,1,0,1440
0,1440,0,0
23,6.448,0.224,10,1,0,1440
0,1440,0,0
24,5.508,7.224,10,1,0,1440
0,1440,0,0
25,1.693,1.574,10,1,390,406
0,390,-1,390,390,406,0,0,406,1440,1,-406
26,4.504,-0.372,10,1,467,492
0,467,-1,467,467,492,0,0,492,1440,1,-492
27,-7.678,0.594,10,1,147,167
0,147,-1,147,147,167,0,0,167,1440,1,-167
28,3.617,0.026,10,1,373,415
0,373,-1,373,373,415,0,0,415,1440,1,-415
29,2.922,0.894,10,1,105,128
0,105,-1,105,105,128,0,0,128,1440,1,-128
30,6.506,0.522,10,1,219,248
0,219,-1,219,219,248,0,0,248,1440,1,-248
31,4.217,-2.228,10,1,144,168
0,144,-1,144,144,168,0,0,168,1440,1,-168
32,2.557,3.173,10,1,96,138
0,96,-1,96,96,138,0,0,138,1440,1,-138
33,3.156,3.726,10,1,430,448
0,430,-1,430,430,448,0,0,448,1440,1,-448
34,6.650,-5.417,10,1,68,92
0,68,-1,68,68,92,0,0,92,1440,1,-92
35,4.658,-1.794,10,1,337,352
0,337,-1,337,337,352,0,0,352,1440,1,-352
36,6.506,4.088,10,1,93,114
0,93,-1,93,93,114,0,0,114,1440,1,-114
37,-0.272,2.477,10,1,477,517
0,477,-1,477,477,517,0,0,517,1440,1,-517
38,-4.000,0.387,10,1,145,176
0,145,-1,145,145,176,0,0,176,1440,1,-176
39,-7.350,5.704,10,1,427,466
0,427,-1,427,427,466,0,0,466,1440,1,-466
40,8.115,-2.571,10,1,67,101
0,67,-1,67,67,101,0,0,101,1440,1,-101
41,1.201,-0.796,10,1,430,474
0,430,-1,430,430,474,0,0,474,1440,1,-474
42,4.276,3.809,10,1,69,86
0,69,-1,69,69,86,0,0,86,1440,1,-86
43,0.386,-2.318,10,1,131,169
0,131,-1,131,131,169,0,0,169,1440,1,-169
44,-0.737,2.439,10,1,66,89
0,66,-1,66,66,89,0,0,89,1440,1,-89
45,3.594,-1.183,10,1,86,112
0,86,-1,86,86,112,0,0,112,1440,1,-112
46,5.208,0.969,10,1,375,397
0,375,-1,375,375,397,0,0,397,1440,1,-397
47,3.073,3.070,10,1,352,392
0,352,-1,352,352,392,0,0,392,1440,1,-392
48,4.122,7.792,10,1,141,173
0,141,-1,141,141,173,0,0,173,1440,1,-173
49,6.888,-4.055,10,-1,459,480
0,459,-1,459,459,480,0,0,480,1440,1,-480
50,7.631,8.667,10,-1,432,465
0,432,-1,432,432,465,0,0,465,1440,1,-465
51,6.393,7.854,10,-1,155,199
0,155,-1,155,155,199,0,0,199,1440,1,-199
52,2.915,-0.996,10,-1,413,434
0,413,-1,413,413,434,0,0,434,1440,1,-434
53,8.552,3.995,10,-1,401,417
0,401,-1,401,401,417,0,0,417,1440,1,-417
54,3.177,0.387,10,-1,377,412
0,377,-1,377,377,412,0,0,412,1440,1,-412
55,-2.054,1.909,10,-1,426,464
0,426,-1,426,426,464,0,0,464,1440,1,-464
56,5.535,4.382,10,-1,206,243
0,206,-1,206,206,243,0,0,243,1440,1,-243
57,3.541,1.028,10,-1,380,406
0,380,-1,380,380,406,0,0,406,1440,1,-406
58,2.546,-0.029,10,-1,414,457
0,414,-1,414,414,457,0,0,457,1440,1,-457
59,1.240,0.024,10,-1,118,158
0,118,-1,118,118,158,0,0,158,1440,1,-158
60,1.836,2.092,10,-1,148,169
0,148,-1,148,148,169,0,0,169,1440,1,-169
61,2.796,-1.504,10,-1,165,208
0,165,-1,165,165,208,0,0,208,1440,1,-208
62,-0.319,1.988,10,-1,255,298
0,255,-1,255,255,298,0,0,298,1440,1,-298
63,0.933,-4.135,10,-1,395,429
0,395,-1,395,395,429,0,0,429,1440,1,-429
64,-2.058,3.818,10,-1,281,318
0,281,-1,281,281,318,0,0,318,1440,1,-318
65,2.782,2.873,10,-1,426,453
0,426,-1,426,426,453,0,0,453,1440,1,-453
66,5.903,4.231,10,-1,211,228
0,211,-1,211,211,228,0,0,228,1440,1,-228
67,5.631,5.873,10,-1,220,241
0,220,-1,220,220,241,0,0,241,1440,1,-241
68,-5.165,-0.034,10,-1,195,215
0,195,-1,195,195,215,0,0,215,1440,1,-215
69,0.258,3.272,10,-1,164,181
0,164,-1,164,164,181,0,0,181,1440,1,-181
70,1.513,-0.305,10,-1,431,449
0,431,-1,431,431,449,0,0,449,1440,1,-449
71,6.659,3.494,10,-1,417,439
0,417,-1,417,417,439,0,0,439,1440,1,-439
72,1.948,2.014,10,-1,376,401
0,376,-1,376,376,401,0,0,401,1440,1,-401
73,-0.117,2.065,10,-1,0,1440
0,1440,0,0
74,-2.120,1.366,10,-1,0,1440
0,1440,0,0
75,9.885,0.126,10,-1,0,1440
0,1440,0,0
76,8.259,7.200,10,-1,0,1440
0,1440,0,0
77,3.002,-3.090,10,-1,0,1440
0,1440,0,0
78,3.323,4.166,10,-1,0,1440
0,1440,0,0
79,3.949,-0.854,10,-1,0,1440
0,1440,0,0
80,5.450,7.081,10,-1,0,1440
0,1440,0,0
81,0.306,1.025,10,-1,0,1440
0,1440,0,0
82,5.183,-1.687,10,-1,0,1440
0,1440,0,0
83,7.642,1.135,10,-1,0,1440
0,1440,0,0
84,0.524,0.024,10,-1,0,1440
0,1440,0,0
85,5.059,3.425,10,-1,0,1440
0,1440,0,0
86,-0.523,-0.208,10,-1,0,1440
0,1440,0,0
87,2.419,2.584,10,-1,0,1440
0,1440,0,0
88,3.363,3.759,10,-1,0,1440
0,1440,0,0
89,3.144,-0.700,10,-1,0,1440
0,1440,0,0
90,3.071,-2.817,10,-1,0,1440
0,1440,0,0
91,4.986,0.104,10,-1,0,1440
0,1440,0,0
92,-3.577,1.414,10,-1,0,1440
0,1440,0,0
93,-2.931,0.489,10,-1,0,1440
0,1440,0,0
94,1.905,4.197,10,-1,0,1440
0,1440,0,0
95,2.760,1.393,10,-1,0,1440
0,1440,0,0
96,5.283,5.068,10,-1,0,1440
0,1440,0,0
