7,144,480,6,90
0,-1.839,0.112,0,0,0,1440
0,1440,0,0
1,-5.528,-2.437,10,1,0,1440
0,1440,0,0
2,-4.830,5.331,10,1,0,1440
0,1440,0,0
3,-4.907,-3.849,10,1,0,1440
0,1440,0,0
4,2.531,-1.856,10,1,0,1440
0,1440,0,0
5,-2.447,-0.382,10,1,0,1440
0,1440,0,0
6,2.459,-1.790,10,1,0,1440
0,1440,0,0
7,-1.042,6.036,10,1,0,1440
0,1440,0,0
8,3.818,-3.517,10,1,0,1440
0,1440,0,0
9,-6.828,9.307,10,1,0,1440
0,1440,0,0
10,-3.079,-5.734,10,1,0,1440
0,1440,0,0
11,-3.706,-1.212,10,1,0,1440
0,1440,0,0
12,-1.574,-4.764,10,1,0,1440
0,1440,0,0
13,-6.338,-2.292,10,1,0,1440
0,1440,0,0
14,-4.311,-4.344,10,1,0,1440
0,1440,0,0
15,-2.562,1.360,10,1,0,1440
0,1440,0,0
16,-0.263,1.663,10,1,0,1440
0,1440,0,0
17,-4.158,-2.850,10,1,0,1440
0,1440,0,0
18,0.208,1.288,10,1,0,1440
0,1440,0,0
19,0.392,-4.784,10,1,0,1440
0,1440,0,0
20,-8.329,2.632,10,1,0,1440
0,1440,0,0
21,-0.646,2.635,10,1,0,1440
0,1440,0,0
22,0.329,0.673,10,1,0,1440
0,1440,0,0
23,-3.487,3.043,10,1,0,1440
0,1440,0,0
24,1.555,-3.627,10,1,0,1440
0,1440,0,0
25,1.284,0.513,10,1,0,1440
0,1440,0,0
26,-4.845,-2.443,10,1,0,1440
0,1440,0,0
27,-8.854,-1.046,10,1,0,1440
0,1440,0,0
28,-2.977,0.100,10,1,0,1440
0,1440,0,0
29,0.983,3.842,10,1,0,1440
0,1440,0,0
30,0.141,9.294,10,1,0,1440
0,1440,0,0
31,-7.930,1.538,10,1,0,1440
0,1440,0,0
32,-3.065,4.006,10,1,0,1440
0,1440,0,0
33,1.893,2.164,10,1,0,1440
0,1440,0,0
34,4.509,-5.991,10,1,0,1440
0,1440,0,0
35,-3.495,-0.382,10,1,0,1440
0,1440,0,0
36,8.120,-7.474,10,1,0,1440
0,1440,0,0
37,1.559,-2.845,10,1,285,306
0,285,-1,285,285,306,0,0,306,1440,1,-306
38,-7.219,2.955,10,1,428,464
0,428,-1,428,428,464,0,0,464,1440,1,-464
39,-4.291,-2.268,10,1,257,299
0,257,-1,257,257,299,0,0,299,1440,1,-299
40,-7.639,-5.749,10,1,281,300
0,281,-1,281,281,300,0,0,300,1440,1,-300
41,-2.854,1.207,10,1,472,506
0,472,-1,472,472,506,0,0,506,1440,1,-506
42,-6.139,2.653,10,1,113,130
0,113,-1,113,113,130,0,0,130,1440,1,-130
43,-0.847,1.262,10,1,159,188
0,159,-1,159,159,188,0,0,188,1440,1,-188
44,-6.147,3.339,10,1,316,344
0,316,-1,316,316,344,0,0,344,1440,1,-344
45,-3.467,-2.759,10,1,471,513
0,471,-1,471,471,513,0,0,513,1440,1,-513
46,1.031,-1.252,10,1,142,167
0,142,-1,142,142,167,0,0,167,1440,1,-167
47,-8.301,7.700,10,1,440,469
0,440,-1,440,440,469,0,0,469,1440,1,-469
48,-4.042,4.999,10,1,377,411
0,377,-1,377,377,411,0,0,411,1440,1,-411
49,8.383,3.391,10,1,265,292
0,265,-1,265,265,292,0,0,292,1440,1,-292
50,-2.056,-7.583,10,1,387,402
0,387,-1,387,387,402,0,0,402,1440,1,-402
51,1.544,-1.872,10,1,185,220
0,185,-1,185,185,220,0,0,220,1440,1,-220
52,-5.994,-6.580,10,1,171,211
0,171,-1,171,171,211,0,0,211,1440,1,-211
53,0.515,4.781,10,1,433,452
0,433,-1,433,433,452,0,0,452,1440,1,-452
54,4.601,1.499,10,1,286,311
0,286,-1,286,286,311,0,0,311,1440,1,-311
55,8.298,-0.166,10,1,86,102
0,86,-1,86,86,102,0,0,102,1440,1,-102
56,3.989,-3.892,10,1,277,293
0,277,-1,277,277,293,0,0,293,1440,1,-293
57,9.084,-8.354,10,1,361,395
0,361,-1,361,361,395,0,0,395,1440,1,-395
58,0.707,0.007,10,1,112,155
0,112,-1,112,112,155,0,0,155,1440,1,-155
59,1.896,4.009,10,1,111,148
0,111,-1,111,111,148,0,0,148,1440,1,-148
60,-8.049,5.821,10,1,236,254
0,236,-1,236,236,254,0,0,254,1440,1,-254
61,6.446,-6.295,10,1,337,370
0,337,-1,337,337,370,0,0,370,1440,1,-370
62,-4.362,-2.612,10,1,252,283
0,252,-1,252,252,283,0,0,283,1440,1,-283
63,-1.841,1.030,10,1,105,126
0,105,-1,105,105,126,0,0,126,1440,1,-126
64,-4.392,6.325,10,1,146,178
0,146,-1,146,146,178,0,0,178,1440,1,-178
65,1.135,2.622,10,1,320,364
0,320,-1,320,320,364,0,0,364,1440,1,-364
66,-0.700,3.824,10,1,317,359
0,317,-1,317,317,359,0,0,359,1440,1,-359
67,7.408,-3.422,10,1,340,381
0,340,-1,340,340,381,0,0,381,1440,1,-381
68,1.430,-0.080,10,1,376,407
0,376,-1,376,376,407,0,0,407,1440,1,-407
69,-9.414,-4.878,10,1,67,90
0,67,-1,67,67,90,0,0,90,1440,1,-90
70,1.533,-4.217,10,1,445,462
0,445,-1,445,445,462,0,0,462,1440,1,-462
71,-4.664,-1.646,10,1,210,238
0,210,-1,210,210,238,0,0,238,1440,1,-238
72,-0.096,-8.100,10,1,114,131
0,114,-1,114,114,131,0,0,131,1440,1,-131
73,-3.744,-4.251,10,-1,94,116
0,94,-1,94,94,116,0,0,116,1440,1,-116
74,-0.368,-6.907,10,-1,73,94
0,73,-1,73,73,94,0,0,94,1440,1,-94
75,3.489,-2.090,10,-1,474,502
0,474,-1,474,474,502,0,0,502,1440,1,-502
76,4.554,5.141,10,-1,188,222
0,188,-1,188,188,222,0,0,222,1440,1,-222
77,-3.193,8.824,10,-1,88,125
0,88,-1,88,88,125,0,0,125,1440,1,-125
78,-1.358,-2.696,10,-1,149,169
0,149,-1,149,149,169,0,0,169,1440,1,-169
79,1.265,-4.834,10,-1,471,498
0,471,-1,471,471,498,0,0,498,1440,1,-498
80,-4.618,-3.827,10,-1,383,415
0,383,-1,383,383,415,0,0,415,1440,1,-415
81,-2.962,3.508,10,-1,231,257
0,231,-1,231,231,257,0,0,257,1440,1,-257
82,1.370,4.399,10,-1,277,294
0,277,-1,277,277,294,0,0,294,1440,1,-294
83,3.834,-4.634,10,-1,169,192
0,169,-1,169,169,192,0,0,192,1440,1,-192
84,-2.623,2.451,10,-1,326,349
0,326,-1,326,326,349,0,0,349,1440,1,-349
85,9.001,-4.364,10,-1,296,327
0,296,-1,296,296,327,0,0,327,1440,1,-327
86,-0.700,2.252,10,-1,211,253
0,211,-1,211,211,253,0,0,253,1440,1,-253
87,-2.999,-2.885,10,-1,475,504
0,475,-1,475,475,504,0,0,504,1440,1,-504
88,-5.627,-6.474,10,-1,479,496
0,479,-1,479,479,496,0,0,496,1440,1,-496
89,-8.742,9.080,10,-1,371,386
0,371,-1,371,371,386,0,0,386,1440,1,-386
90,-0.576,5.403,10,-1,176,212
0,176,-1,176,176,212,0,0,212,1440,1,-212
91,-3.484,-2.718,10,-1,263,295
0,263,-1,263,263,295,0,0,295,1440,1,-295
92,-1.648,1.618,10,-1,219,250
0,219,-1,219,219,250,0,0,250,1440,1,-250
93,2.371,2.949,10,-1,206,238
0,206,-1,206,206,238,0,0,238,1440,1,-238
94,-4.099,4.659,10,-1,365,389
0,365,-1,365,365,389,0,0,389,1440,1,-389
95,-5.352,-2.162,10,-1,65,94
0,65,-1,65,65,94,0,0,94,1440,1,-94
96,-1.756,3.749,10,-1,449,476
0,449,-1,449,449,476,0,0,476,1440,1,-476
97,-3.731,5.684,10,-1,430,458
0,430,-1,430,430,458,0,0,458,1440,1,-458
98,7.152,2.251,10,-1,269,288
0,269,-1,269,269,288,0,0,288,1440,1,-288
99,-4.186,2.771,10,-1,361,379
0,361,-1,361,361,379,0,0,379,1440,1,-379
100,1.482,-8.212,10,-1,236,259
0,236,-1,236,236,259,0,0,259,1440,1,-259
101,3.032,-5.532,10,-1,348,386
0,348,-1,348,348,386,0,0,386,1440,1,-386
102,-3.917,4.800,10,-1,146,181
0,146,-1,146,146,181,0,0,181,1440,1,-181
103,-9.442,1.519,10,-1,173,194
0,173,-1,173,173,194,0,0,194,1440,1,-194
104,-0.781,1.127,10,-1,374,389
0,374,-1,374,374,389,0,0,389,1440,1,-389
105,2.857,-4.991,10,-1,159,174
0,159,-1,159,159,174,0,0,174,1440,1,-174
106,-2.065,2.455,10,-1,372,408
0,372,-1,372,372,408,0,0,408,1440,1,-408
107,-3.096,-1.890,10,-1,316,334
0,316,-1,316,316,334,0,0,334,1440,1,-334
108,0.172,-2.045,10,-1,310,343
0,310,-1,310,310,343,0,0,343,1440,1,-343
109,-3.101,-2.111,10,-1,0,1440
0,1440,0,0
110,-8.572,-2.801,10,-1,0,1440
0,1440,0,0
111,5.883,-6.304,10,-1,0,1440
0,1440,0,0
112,-1.575,-5.269,10,-1,0,1440
0,1440,0,0
113,-7.166,5.118,10,-1,0,1440
0,1440,0,0
114,-9.263,-0.660,10,-1,0,1440
0,1440,0,0
115,3.351,-4.926,10,-1,0,1440
0,1440,0,0
116,5.931,5.409,10,-1,0,1440
0,1440,0,0
117,3.074,-2.844,10,-1,0,1440
0,1440,0,0
118,-5.590,1.846,10,-1,0,1440
0,1440,0,0
119,-8.996,-3.953,10,-1,0,1440
0,1440,0,0
120,3.644,2.082,10,-1,0,1440
0,1440,0,0
121,-5.367,-5.643,10,-1,0,1440
0,1440,0,0
122,-3.187,3.254,10,-1,0,1440
0,1440,0,0
123,0.566,1.276,10,-1,0,1440
0,1440,0,0
124,-5.290,4.280,10,-1,0,1440
0,1440,0,0
125,4.713,-4.546,10,-1,0,1440
0,1440,0,0
126,3.079,0.987,10,-1,0,1440
0,1440,0,0
127,-4.521,-5.629,10,-1,0,1440
0,1440,0,0
128,1.092,1.331,10,-1,0,1440
0,1440,0,0
129,-3.299,-3.400,10,-1,0,1440
0,1440,0,0
130,-4.087,3.058,10,-1,0,1440
0,1440,0,0
131,-6.935,8.041,10,-1,0,1440
0,1440,0,0
132,-5.897,-2.954,10,-1,0,1440
0,1440,0,0
133,-3.685,-3.371,10,-1,0,1440
0,1440,0,0
134,-2.182,6.537,10,-1,0,1440
0,1440,0,0
135,2.298,-4.101,10,-1,0,1440
0,1440,0,0
136,-7.756,5.981,10,-1,0,1440
0,1440,0,0
137,-4.720,6.772,10,-1,0,1440
0,1440,0,0
138,-2.161,3.517,10,-1,0,1440
0,1440,0,0
139,-5.568,-3.138,10,-1,0,1440
0,1440,0,0
140,-8.523,8.879,10,-1,0,1440
0,1440,0,0
141,-0.392,-6.353,10,-1,0,1440
0,1440,0,0
142,-5.856,5.938,10,-1,0,1440
0,1440,0,0
143,-2.454,1.494,10,-1,0,1440
0,1440,0,0
144,-4.878,1.697,10,-1,0,1440
0,1440,0,0
