9,192,480,6,90
0,-1.228,0.916,0,0,0,1440
0,480,0,0
1,-4.463,-5.564,10,1,0,1440
0,480,0,0
2,3.610,6.494,10,1,0,1440
0,480,0,0
3,-2.547,4.458,10,1,0,1440
0,480,0,0
4,-3.395,-7.306,10,1,0,1440
0,480,0,0
5,4.565,3.573,10,1,0,1440
0,480,0,0
6,1.495,-3.672,10,1,0,1440
0,480,0,0
7,-0.148,4.720,10,1,0,1440
0,480,0,0
8,0.215,-4.091,10,1,0,1440
0,480,0,0
9,2.299,0.140,10,1,0,1440
0,480,0,0
10,-2.886,0.596,10,1,0,1440
0,480,0,0
11,-4.812,9.412,10,1,0,1440
0,480,0,0
12,0.724,1.732,10,1,0,1440
0,480,0,0
13,0.461,2.705,10,1,0,1440
0,480,0,0
14,-1.397,2.820,10,1,0,1440
0,480,0,0
15,1.295,-1.169,10,1,0,1440
0,480,0,0
16,-3.667,2.310,10,1,0,1440
0,480,0,0
17,-0.422,-4.931,10,1,0,1440
0,480,0,0
18,0.109,-0.714,10,1,0,1440
0,480,0,0
19,-5.696,2.791,10,1,0,1440
0,480,0,0
20,-8.099,-7.769,10,1,0,1440
0,480,0,0
21,7.226,5.903,10,1,0,1440
0,480,0,0
22,-2.166,0.164,10,1,0,1440
0,480,0,0
23,-2.015,-6.242,10,1,0,1440
0,480,0,0
24,-4.816,0.629,10,1,0,1440
0,480,0,0
25,-0.508,6.160,10,1,0,1440
0,480,0,0
26,1.714,-4.705,10,1,0,1440
0,480,0,0
27,-1.606,0.856,10,1,0,1440
0,480,0,0
28,0.668,-2.707,10,1,0,1440
0,480,0,0
29,1.503,-3.498,10,1,0,1440
0,480,0,0
30,3.795,7.391,10,1,0,1440
0,480,0,0
31,-4.120,-4.302,10,1,0,1440
0,480,0,0
32,3.254,1.179,10,1,0,1440
0,480,0,0
33,-2.031,-2.024,10,1,0,1440
0,480,0,0
34,-3.548,1.914,10,1,0,1440
0,480,0,0
35,5.804,5.666,10,1,0,1440
0,480,0,0
36,-3.669,-0.626,10,1,0,1440
0,480,0,0
37,0.045,-4.673,10,1,0,1440
0,480,0,0
38,-1.969,3.898,10,1,0,1440
0,480,0,0
39,-4.734,2.091,10,1,0,1440
0,480,0,0
40,-7.924,-5.768,10,1,0,1440
0,480,0,0
41,0.560,-3.408,10,1,0,1440
0,480,0,0
42,3.445,-0.829,10,1,0,1440
0,480,0,0
43,1.850,-5.115,10,1,0,1440
0,480,0,0
44,-0.435,-4.452,10,1,0,1440
0,480,0,0
45,-1.415,-7.416,10,1,0,1440
0,480,0,0
46,1.987,7.752,10,1,0,1440
0,480,0,0
47,-5.008,1.787,10,1,0,1440
0,480,0,0
48,4.279,-7.988,10,1,0,1440
0,480,0,0
49,0.152,-2.903,10,1,254,296
0,254,-1,254,254,296,0,0,296,480,1,-296
50,1.473,-0.344,10,1,379,401
0,379,-1,379,379,401,0,0,401,480,1,-401
51,-2.617,-4.900,10,1,108,151
0,108,-1,108,108,151,0,0,151,480,1,-151
52,-6.387,-0.527,10,1,211,229
0,211,-1,211,211,229,0,0,229,480,1,-229
53,-5.414,0.709,10,1,467,504
0,467,-1,467,467,480,0,0
54,1.793,-3.409,10,1,217,261
0,217,-1,217,217,261,0,0,261,480,1,-261
55,-9.871,3.455,10,1,89,127
0,89,-1,89,89,127,0,0,127,480,1,-127
56,2.880,-0.858,10,1,307,350
0,307,-1,307,307,350,0,0,350,480,1,-350
57,0.272,9.059,10,1,227,264
0,227,-1,227,227,264,0,0,264,480,1,-264
58,-3.102,4.894,10,1,378,422
0,378,-1,378,378,422,0,0,422,480,1,-422
59,-4.655,4.232,10,1,429,449
0,429,-1,429,429,449,0,0,449,480,1,-449
60,2.729,5.818,10,1,404,424
0,404,-1,404,404,424,0,0,424,480,1,-424
61,2.881,-2.803,10,1,202,219
0,202,-1,202,202,219,0,0,219,480,1,-219
62,-2.610,1.133,10,1,69,87
0,69,-1,69,69,87,0,0,87,480,1,-87
63,0.054,-2.622,10,1,178,198
0,178,-1,178,178,198,0,0,198,480,1,-198
64,-5.046,0.781,10,1,453,490
0,453,-1,453,453,480,0,0
65,3.000,1.909,10,1,102,137
0,102,-1,102,102,137,0,0,137,480,1,-137
66,-1.260,2.206,10,1,471,492
0,471,-1,471,471,480,0,0
67,2.201,-0.864,10,1,327,352
0,327,-1,327,327,352,0,0,352,480,1,-352
68,0.894,0.287,10,1,195,228
0,195,-1,195,195,228,0,0,228,480,1,-228
69,-1.981,0.092,10,1,95,130
0,95,-1,95,95,130,0,0,130,480,1,-130
70,-0.423,3.125,10,1,309,328
0,309,-1,309,309,328,0,0,328,480,1,-328
71,1.798,-0.041,10,1,255,275
0,255,-1,255,255,275,0,0,275,480,1,-275
72,-0.235,4.294,10,1,99,139
0,99,-1,99,99,139,0,0,139,480,1,-139
73,-1.652,6.808,10,1,459,499
0,459,-1,459,459,480,0,0
74,-0.119,4.202,10,1,409,448
0,409,-1,409,409,448,0,0,448,480,1,-448
75,5.663,-4.402,10,1,78,112
0,78,-1,78,78,112,0,0,112,480,1,-112
76,5.748,3.550,10,1,67,93
0,67,-1,67,67,93,0,0,93,480,1,-93
77,-2.610,0.748,10,1,373,389
0,373,-1,373,373,389,0,0,389,480,1,-389
78,0.749,-5.724,10,1,267,282
0,267,-1,267,267,282,0,0,282,480,1,-282
79,-2.209,5.578,10,1,158,185
0,158,-1,158,158,185,0,0,185,480,1,-185
80,1.987,3.882,10,1,385,410
0,385,-1,385,385,410,0,0,410,480,1,-410
81,0.531,4.922,10,1,113,150
0,113,-1,113,113,150,0,0,150,480,1,-150
82,1.515,0.630,10,1,291,328
0,291,-1,291,291,328,0,0,328,480,1,-328
83,0.548,-3.150,10,1,100,141
0,100,-1,100,100,141,0,0,141,480,1,-141
84,0.796,-2.866,10,1,215,235
0,215,-1,215,215,235,0,0,235,480,1,-235
85,-7.581,0.401,10,1,300,343
0,300,-1,300,300,343,0,0,343,480,1,-343
86,-4.367,-6.165,10,1,201,217
0,201,-1,201,201,217,0,0,217,480,1,-217
87,-0.258,-6.214,10,1,122,149
0,122,-1,122,122,149,0,0,149,480,1,-149
88,-1.884,-3.688,10,1,439,457
0,439,-1,439,439,457,0,0,457,480,1,-457
89,2.084,2.117,10,1,178,215
0,178,-1,178,178,215,0,0,215,480,1,-215
90,0.314,-1.922,10,1,450,474
0,450,-1,450,450,474,0,0,474,480,1,-474
91,-2.036,1.888,10,1,223,266
0,223,-1,223,223,266,0,0,266,480,1,-266
92,-0.090,-5.494,10,1,357,376
0,357,-1,357,357,376,0,0,376,480,1,-376
93,-2.955,0.928,10,1,474,495
0,474,-1,474,474,480,0,0
94,0.505,-3.505,10,1,129,150
0,129,-1,129,129,150,0,0,150,480,1,-150
95,2.776,4.871,10,1,325,368
0,325,-1,325,325,368,0,0,368,480,1,-368
96,1.208,-4.235,10,1,294,331
0,294,-1,294,294,331,0,0,331,480,1,-331
97,-5.127,4.114,10,-1,353,371
0,353,-1,353,353,371,0,0,371,480,1,-371
98,-2.908,0.429,10,-1,279,317
0,279,-1,279,279,317,0,0,317,480,1,-317
99,-1.855,-1.482,10,-1,473,514
0,473,-1,473,473,480,0,0
100,0.786,-4.945,10,-1,470,501
0,470,-1,470,470,480,0,0
101,-1.912,-3.209,10,-1,419,443
0,419,-1,419,419,443,0,0,443,480,1,-443
102,1.765,-5.227,10,-1,310,325
0,310,-1,310,310,325,0,0,325,480,1,-325
103,1.691,-6.296,10,-1,372,402
0,372,-1,372,372,402,0,0,402,480,1,-402
104,1.899,0.622,10,-1,104,119
0,104,-1,104,104,119,0,0,119,480,1,-119
105,-6.888,-6.454,10,-1,159,175
0,159,-1,159,159,175,0,0,175,480,1,-175
106,-1.336,2.026,10,-1,208,241
0,208,-1,208,208,241,0,0,241,480,1,-241
107,-4.444,6.372,10,-1,473,489
0,473,-1,473,473,480,0,0
108,-0.650,7.144,10,-1,379,423
0,379,-1,379,379,423,0,0,423,480,1,-423
109,-5.198,2.541,10,-1,170,212
0,170,-1,170,170,212,0,0,212,480,1,-212
110,-0.074,5.949,10,-1,141,182
0,141,-1,141,141,182,0,0,182,480,1,-182
111,-6.468,8.304,10,-1,425,462
0,425,-1,425,425,462,0,0,462,480,1,-462
112,-1.127,-3.594,10,-1,335,367
0,335,-1,335,335,367,0,0,367,480,1,-367
113,-1.686,0.778,10,-1,423,443
0,423,-1,423,423,443,0,0,443,480,1,-443
114,1.984,-4.981,10,-1,213,253
0,213,-1,213,213,253,0,0,253,480,1,-253
115,-1.628,-0.294,10,-1,89,114
0,89,-1,89,89,114,0,0,114,480,1,-114
116,0.836,6.704,10,-1,230,272
0,230,-1,230,230,272,0,0,272,480,1,-272
117,3.088,2.432,10,-1,335,350
0,335,-1,335,335,350,0,0,350,480,1,-350
118,9.352,-2.023,10,-1,451,477
0,451,-1,451,451,477,0,0,477,480,1,-477
119,-0.933,-5.618,10,-1,271,287
0,271,-1,271,271,287,0,0,287,480,1,-287
120,-3.444,-6.331,10,-1,238,275
0,238,-1,238,238,275,0,0,275,480,1,-275
121,2.094,-0.565,10,-1,91,129
0,91,-1,91,91,129,0,0,129,480,1,-129
122,-0.342,8.959,10,-1,213,229
0,213,-1,213,213,229,0,0,229,480,1,-229
123,-1.874,4.523,10,-1,413,431
0,413,-1,413,413,431,0,0,431,480,1,-431
124,0.243,-3.052,10,-1,73,91
0,73,-1,73,73,91,0,0,91,480,1,-91
125,-2.886,5.662,10,-1,83,104
0,83,-1,83,83,104,0,0,104,480,1,-104
126,7.688,-2.990,10,-1,60,102
0,60,-1,60,60,102,0,0,102,480,1,-102
127,-9.047,1.028,10,-1,472,506
0,472,-1,472,472,480,0,0
128,-3.510,4.655,10,-1,267,307
0,267,-1,267,267,307,0,0,307,480,1,-307
129,-4.840,4.385,10,-1,410,450
0,410,-1,410,410,450,0,0,450,480,1,-450
130,-4.100,2.670,10,-1,351,393
0,351,-1,351,351,393,0,0,393,480,1,-393
131,1.370,3.461,10,-1,144,162
0,144,-1,144,144,162,0,0,162,480,1,-162
132,-7.147,1.145,10,-1,409,449
0,409,-1,409,409,449,0,0,449,480,1,-449
133,-3.623,5.190,10,-1,103,140
0,103,-1,103,103,140,0,0,140,480,1,-140
134,-3.947,0.491,10,-1,167,200
0,167,-1,167,167,200,0,0,200,480,1,-200
135,-1.657,2.377,10,-1,397,432
0,397,-1,397,397,432,0,0,432,480,1,-432
136,1.075,-2.855,10,-1,205,246
0,205,-1,205,205,246,0,0,246,480,1,-246
137,-2.303,4.702,10,-1,253,289
0,253,-1,253,253,289,0,0,289,480,1,-289
138,-0.881,2.122,10,-1,454,478
0,454,-1,454,454,478,0,0,478,480,1,-478
139,-4.004,2.744,10,-1,412,456
0,412,-1,412,412,456,0,0,456,480,1,-456
140,-3.744,-4.104,10,-1,230,271
0,230,-1,230,230,271,0,0,271,480,1,-271
141,4.822,0.009,10,-1,143,170
0,143,-1,143,143,170,0,0,170,480,1,-170
142,-0.032,6.824,10,-1,404,424
0,404,-1,404,404,424,0,0,424,480,1,-424
143,-1.429,-3.342,10,-1,86,110
0,86,-1,86,86,110,0,0,110,480,1,-110
144,-0.144,-3.481,10,-1,340,383
0,340,-1,340,340,383,0,0,383,480,1,-383
145,-3.445,4.235,10,-1,0,1440
0,480,0,0
146,0.868,-6.618,10,-1,0,1440
0,480,0,0
147,-6.125,-5.137,10,-1,0,1440
0,480,0,0
148,-0.109,0.991,10,-1,0,1440
0,480,0,0
149,-1.657,6.655,10,-1,0,1440
0,480,0,0
150,0.844,5.284,10,-1,0,1440
0,480,0,0
151,-2.203,-3.690,10,-1,0,1440
0,480,0,0
152,1.577,1.732,10,-1,0,1440
0,480,0,0
153,0.900,-1.869,10,-1,0,1440
0,480,0,0
154,-0.458,0.349,10,-1,0,1440
0,480,0,0
155,0.887,4.066,10,-1,0,1440
0,480,0,0
156,2.609,-3.397,10,-1,0,1440
0,480,0,0
157,-3.250,3.953,10,-1,0,1440
0,480,0,0
158,-3.263,-8.258,10,-1,0,1440
0,480,0,0
159,-9.849,2.202,10,-1,0,1440
0,480,0,0
160,-5.905,0.416,10,-1,0,1440
0,480,0,0
161,0.743,-0.257,10,-1,0,1440
0,480,0,0
162,-5.960,1.247,10,-1,0,1440
0,480,0,0
163,-1.122,-3.183,10,-1,0,1440
0,480,0,0
164,-1.681,-3.504,10,-1,0,1440
0,480,0,0
165,2.186,1.814,10,-1,0,1440
0,480,0,0
166,4.504,-6.132,10,-1,0,1440
0,480,0,0
167,-4.882,2.557,10,-1,0,1440
0,480,0,0
168,-3.218,-1.674,10,-1,0,1440
0,480,0,0
169,1.244,-4.149,10,-1,0,1440
0,480,0,0
170,-2.108,-7.708,10,-1,0,1440
0,480,0,0
171,-1.782,-1.852,10,-1,0,1440
0,480,0,0
172,4.833,9.352,10,-1,0,1440
0,480,0,0
173,-1.868,4.901,10,-1,0,1440
0,480,0,0
174,1.214,3.004,10,-1,0,1440
0,480,0,0
175,0.311,-4.030,10,-1,0,1440
0,480,0,0
176,1.713,3.708,10,-1,0,1440
0,480,0,0
177,2.258,0.084,10,-1,0,1440
0,480,0,0
178,-3.043,5.294,10,-1,0,1440
0,480,0,0
179,3.377,-6.711,10,-1,0,1440
0,480,0,0
180,0.541,0.153,10,-1,0,1440
0,480,0,0
181,7.216,3.010,10,-1,0,1440
0,480,0,0
182,-2.411,-3.462,10,-1,0,1440
0,480,0,0
183,1.741,7.515,10,-1,0,1440
0,480,0,0
184,1.064,-6.005,10,-1,0,1440
0,480,0,0
185,-0.518,-4.900,10,-1,0,1440
0,480,0,0
186,-1.934,2.112,10,-1,0,1440
0,480,0,0
187,-4.680,-1.466,10,-1,0,1440
0,480,0,0
188,-1.678,4.344,10,-1,0,1440
0,480,0,0
189,1.409,-1.361,10,-1,0,1440
0,480,0,0
190,-2.106,2.602,10,-1,0,1440
0,480,0,0
191,3.981,-4.067,10,-1,0,1440
0,480,0,0
