11,240,480,6,90
0,0.868,-1.044,0,0,0,1440
0,1440,0,0
1,6.599,-4.983,10,1,0,1440
0,1440,0,0
2,-3.694,-3.674,10,1,0,1440
0,1440,0,0
3,-0.273,1.877,10,1,0,1440
0,1440,0,0
4,3.112,-3.591,10,1,0,1440
0,1440,0,0
5,0.279,0.801,10,1,0,1440
0,1440,0,0
6,3.115,4.367,10,1,0,1440
0,1440,0,0
7,-3.630,-2.131,10,1,0,1440
0,1440,0,0
8,5.281,3.505,10,1,0,1440
0,1440,0,0
9,1.127,2.066,10,1,0,1440
0,1440,0,0
10,-0.062,2.311,10,1,0,1440
0,1440,0,0
11,4.309,-1.236,10,1,0,1440
0,1440,0,0
12,0.685,1.907,10,1,0,1440
0,1440,0,0
13,-0.685,2.532,10,1,0,1440
0,1440,0,0
14,-2.793,-2.371,10,1,0,1440
0,1440,0,0
15,3.324,-3.049,10,1,0,1440
0,1440,0,0
16,6.388,-5.288,10,1,0,1440
0,1440,0,0
17,-1.367,-4.394,10,1,0,1440
0,1440,0,0
18,-0.065,-2.750,10,1,0,1440
0,1440,0,0
19,5.941,-4.926,10,1,0,1440
0,1440,0,0
20,2.717,-0.571,10,1,0,1440
0,1440,0,0
21,7.000,-2.084,10,1,0,1440
0,1440,0,0
22,3.533,-6.517,10,1,0,1440
0,1440,0,0
23,-1.439,-4.224,10,1,0,1440
0,1440,0,0
24,1.937,3.027,10,1,0,1440
0,1440,0,0
25,-3.979,1.010,10,1,0,1440
0,1440,0,0
26,-1.575,-4.020,10,1,0,1440
0,1440,0,0
27,-2.842,-4.050,10,1,0,1440
0,1440,0,0
28,2.708,0.973,10,1,0,1440
0,1440,0,0
29,2.220,-0.922,10,1,0,1440
0,1440,0,0
30,-0.083,-0.653,10,1,0,1440
0,1440,0,0
31,1.022,7.553,10,1,0,1440
0,1440,0,0
32,0.745,1.850,10,1,0,1440
0,1440,0,0
33,4.891,-2.029,10,1,0,1440
0,1440,0,0
34,-1.896,-2.968,10,1,0,1440
0,1440,0,0
35,1.682,-0.666,10,1,0,1440
0,1440,0,0
36,0.251,-3.042,10,1,0,1440
0,1440,0,0
37,1.542,0.491,10,1,0,1440
0,1440,0,0
38,6.031,8.980,10,1,0,1440
0,1440,0,0
39,4.040,-4.537,10,1,0,1440
0,1440,0,0
40,-2.684,-5.427,10,1,0,1440
0,1440,0,0
41,6.917,7.258,10,1,0,1440
0,1440,0,0
42,-2.282,4.617,10,1,0,1440
0,1440,0,0
43,-1.426,-3.025,10,1,0,1440
0,1440,0,0
44,7.605,1.207,10,1,0,1440
0,1440,0,0
45,6.304,6.002,10,1,0,1440
0,1440,0,0
46,-2.024,-8.197,10,1,0,1440
0,1440,0,0
47,-4.117,-4.202,10,1,0,1440
0,1440,0,0
48,7.920,-2.902,10,1,0,1440
0,1440,0,0
49,-2.073,-0.707,10,1,0,1440
0,1440,0,0
50,-0.416,-5.350,10,1,0,1440
0,1440,0,0
51,3.959,-4.046,10,1,0,1440
0,1440,0,0
52,-4.713,-7.785,10,1,0,1440
0,1440,0,0
53,-0.123,4.918,10,1,0,1440
0,1440,0,0
54,-0.037,-2.726,10,1,0,1440
0,1440,0,0
55,3.154,-0.872,10,1,0,1440
0,1440,0,0
56,-0.013,-2.026,10,1,0,1440
0,1440,0,0
57,6.639,-2.669,10,1,0,1440
0,1440,0,0
58,0.610,-6.409,10,1,0,1440
0,1440,0,0
59,1.354,-2.087,10,1,0,1440
0,1440,0,0
60,5.421,-0.654,10,1,0,1440
0,1440,0,0
61,2.205,-3.414,10,1,439,465
0,439,-1,439,439,465,0,0,465,1440,1,-465
62,-0.972,0.471,10,1,220,241
0,220,-1,220,220,241,0,0,241,1440,1,-241
63,-1.158,-4.686,10,1,159,176
0,159,-1,159,159,176,0,0,176,1440,1,-176
64,-0.290,-0.030,10,1,161,188
0,161,-1,161,161,188,0,0,188,1440,1,-188
65,1.384,-4.445,10,1,87,118
0,87,-1,87,87,118,0,0,118,1440,1,-118
66,1.748,2.775,10,1,396,416
0,396,-1,396,396,416,0,0,416,1440,1,-416
67,0.297,-4.369,10,1,178,197
0,178,-1,178,178,197,0,0,197,1440,1,-197
68,-4.435,-3.820,10,1,275,309
0,275,-1,275,275,309,0,0,309,1440,1,-309
69,-5.940,0.151,10,1,198,222
0,198,-1,198,198,222,0,0,222,1440,1,-222
70,-1.345,-7.553,10,1,148,171
0,148,-1,148,148,171,0,0,171,1440,1,-171
71,-0.552,-5.195,10,1,169,193
0,169,-1,169,169,193,0,0,193,1440,1,-193
72,-0.959,-2.688,10,1,209,238
0,209,-1,209,209,238,0,0,238,1440,1,-238
73,1.932,2.950,10,1,449,467
0,449,-1,449,449,467,0,0,467,1440,1,-467
74,2.625,3.674,10,1,250,290
0,250,-1,250,250,290,0,0,290,1440,1,-290
75,4.371,-2.803,10,1,207,230
0,207,-1,207,207,230,0,0,230,1440,1,-230
76,-5.203,-3.534,10,1,308,330
0,308,-1,308,308,330,0,0,330,1440,1,-330
77,-0.844,-0.012,10,1,339,383
0,339,-1,339,339,383,0,0,383,1440,1,-383
78,8.911,6.212,10,1,261,303
0,261,-1,261,261,303,0,0,303,1440,1,-303
79,0.607,-1.613,10,1,81,117
0,81,-1,81,81,117,0,0,117,1440,1,-117
80,2.709,-0.510,10,1,197,215
0,197,-1,197,197,215,0,0,215,1440,1,-215
81,2.753,-1.534,10,1,177,195
0,177,-1,177,177,195,0,0,195,1440,1,-195
82,4.251,3.206,10,1,192,223
0,192,-1,192,192,223,0,0,223,1440,1,-223
83,2.531,1.269,10,1,176,215
0,176,-1,176,176,215,0,0,215,1440,1,-215
84,4.778,-1.277,10,1,146,179
0,146,-1,146,146,179,0,0,179,1440,1,-179
85,-0.314,-1.384,10,1,119,146
0,119,-1,119,119,146,0,0,146,1440,1,-146
86,1.248,-7.810,10,1,432,459
0,432,-1,432,432,459,0,0,459,1440,1,-459
87,-2.104,-0.343,10,1,361,383
0,361,-1,361,361,383,0,0,383,1440,1,-383
88,-0.315,-5.543,10,1,425,459
0,425,-1,425,425,459,0,0,459,1440,1,-459
89,5.301,8.490,10,1,208,232
0,208,-1,208,208,232,0,0,232,1440,1,-232
90,3.564,-4.755,10,1,274,310
0,274,-1,274,274,310,0,0,310,1440,1,-310
91,4.343,-1.844,10,1,311,329
0,311,-1,311,311,329,0,0,329,1440,1,-329
92,0.660,-5.458,10,1,464,486
0,464,-1,464,464,486,0,0,486,1440,1,-486
93,8.795,9.401,10,1,92,120
0,92,-1,92,92,120,0,0,120,1440,1,-120
94,3.910,-4.874,10,1,130,148
0,130,-1,130,130,148,0,0,148,1440,1,-148
95,-4.834,-2.648,10,1,129,158
0,129,-1,129,129,158,0,0,158,1440,1,-158
96,7.200,-0.925,10,1,163,191
0,163,-1,163,163,191,0,0,191,1440,1,-191
97,-3.773,0.335,10,1,321,352
0,321,-1,321,321,352,0,0,352,1440,1,-352
98,-6.597,-3.675,10,1,62,103
0,62,-1,62,62,103,0,0,103,1440,1,-103
99,-1.667,-3.528,10,1,223,244
0,223,-1,223,223,244,0,0,244,1440,1,-244
100,1.074,-0.467,10,1,272,302
0,272,-1,272,272,302,0,0,302,1440,1,-302
101,1.559,-0.582,10,1,323,349
0,323,-1,323,323,349,0,0,349,1440,1,-349
102,2.161,-1.811,10,1,451,476
0,451,-1,451,451,476,0,0,476,1440,1,-476
103,0.978,4.928,10,1,326,365
0,326,-1,326,326,365,0,0,365,1440,1,-365
104,9.415,-0.449,10,1,476,520
0,476,-1,476,476,520,0,0,520,1440,1,-520
105,1.038,-1.630,10,1,114,144
0,114,-1,114,114,144,0,0,144,1440,1,-144
106,-0.145,-0.086,10,1,350,386
0,350,-1,350,350,386,0,0,386,1440,1,-386
107,-0.622,2.530,10,1,313,347
0,313,-1,313,313,347,0,0,347,1440,1,-347
108,-0.625,1.022,10,1,477,512
0,477,-1,477,477,512,0,0,512,1440,1,-512
109,-1.744,-7.080,10,1,100,119
0,100,-1,100,100,119,0,0,119,1440,1,-119
110,-5.509,-4.385,10,1,401,423
0,401,-1,401,401,423,0,0,423,1440,1,-423
111,-0.944,2.372,10,1,336,352
0,336,-1,336,336,352,0,0,352,1440,1,-352
112,0.898,3.541,10,1,356,379
0,356,-1,356,356,379,0,0,379,1440,1,-379
113,-1.675,-0.081,10,1,320,356
0,320,-1,320,320,356,0,0,356,1440,1,-356
114,6.685,-3.784,10,1,135,150
0,135,-1,135,135,150,0,0,150,1440,1,-150
115,1.472,-2.372,10,1,448,483
0,448,-1,448,448,483,0,0,483,1440,1,-483
116,3.347,2.003,10,1,287,318
0,287,-1,287,287,318,0,0,318,1440,1,-318
117,6.639,-7.011,10,1,91,120
0,91,-1,91,91,120,0,0,120,1440,1,-120
118,-0.566,0.888,10,1,436,472
0,436,-1,436,436,472,0,0,472,1440,1,-472
119,-0.510,-4.673,10,1,176,217
0,176,-1,176,176,217,0,0,217,1440,1,-217
120,-0.883,5.574,10,1,352,379
0,352,-1,352,352,379,0,0,379,1440,1,-379
121,0.585,-0.319,10,-1,223,249
0,223,-1,223,223,249,0,0,249,1440,1,-249
122,-2.573,-3.769,10,-1,117,161
0,117,-1,117,117,161,0,0,161,1440,1,-161
123,-1.536,-2.455,10,-1,78,96
0,78,-1,78,78,96,0,0,96,1440,1,-96
124,4.379,-1.110,10,-1,344,363
0,344,-1,344,344,363,0,0,363,1440,1,-363
125,1.766,-2.560,10,-1,182,211
0,182,-1,182,182,211,0,0,211,1440,1,-211
126,-3.962,5.488,10,-1,229,272
0,229,-1,229,229,272,0,0,272,1440,1,-272
127,-2.455,-4.322,10,-1,290,308
0,290,-1,290,290,308,0,0,308,1440,1,-308
128,-2.689,-1.274,10,-1,156,176
0,156,-1,156,156,176,0,0,176,1440,1,-176
129,3.416,-3.846,10,-1,405,432
0,405,-1,405,405,432,0,0,432,1440,1,-432
130,-4.731,-2.947,10,-1,134,171
0,134,-1,134,134,171,0,0,171,1440,1,-171
131,4.937,-2.559,10,-1,99,135
0,99,-1,99,99,135,0,0,135,1440,1,-135
132,0.370,-1.645,10,-1,185,205
0,185,-1,185,185,205,0,0,205,1440,1,-205
133,2.243,-2.327,10,-1,140,160
0,140,-1,140,140,160,0,0,160,1440,1,-160
134,-3.755,-2.961,10,-1,429,458
0,429,-1,429,429,458,0,0,458,1440,1,-458
135,2.555,0.367,10,-1,95,127
0,95,-1,95,95,127,0,0,127,1440,1,-127
136,-1.522,0.328,10,-1,427,456
0,427,-1,427,427,456,0,0,456,1440,1,-456
137,-1.294,-0.750,10,-1,465,480
0,465,-1,465,465,480,0,0,480,1440,1,-480
138,-2.211,2.643,10,-1,256,271
0,256,-1,256,256,271,0,0,271,1440,1,-271
139,-1.794,0.773,10,-1,119,138
0,119,-1,119,119,138,0,0,138,1440,1,-138
140,-2.123,1.449,10,-1,123,151
0,123,-1,123,123,151,0,0,151,1440,1,-151
141,0.350,-1.971,10,-1,326,357
0,326,-1,326,326,357,0,0,357,1440,1,-357
142,3.260,-1.494,10,-1,220,240
0,220,-1,220,220,240,0,0,240,1440,1,-240
143,-0.574,-2.830,10,-1,339,372
0,339,-1,339,339,372,0,0,372,1440,1,-372
144,-0.613,-3.962,10,-1,207,236
0,207,-1,207,207,236,0,0,236,1440,1,-236
145,-0.246,1.282,10,-1,69,99
0,69,-1,69,69,99,0,0,99,1440,1,-99
146,-0.647,0.847,10,-1,159,177
0,159,-1,159,159,177,0,0,177,1440,1,-177
147,-3.789,-3.612,10,-1,164,195
0,164,-1,164,164,195,0,0,195,1440,1,-195
148,1.085,-1.875,10,-1,179,207
0,179,-1,179,179,207,0,0,207,1440,1,-207
149,5.010,0.864,10,-1,367,386
0,367,-1,367,367,386,0,0,386,1440,1,-386
150,4.684,0.471,10,-1,442,481
0,442,-1,442,442,481,0,0,481,1440,1,-481
151,1.960,-1.041,10,-1,371,409
0,371,-1,371,371,409,0,0,409,1440,1,-409
152,-3.895,5.294,10,-1,182,218
0,182,-1,182,182,218,0,0,218,1440,1,-218
153,-0.064,-2.129,10,-1,395,432
0,395,-1,395,395,432,0,0,432,1440,1,-432
154,4.091,-3.377,10,-1,361,404
0,361,-1,361,361,404,0,0,404,1440,1,-404
155,-0.057,-6.230,10,-1,440,481
0,440,-1,440,440,481,0,0,481,1440,1,-481
156,-0.978,2.679,10,-1,216,247
0,216,-1,216,216,247,0,0,247,1440,1,-247
157,3.426,-2.389,10,-1,237,274
0,237,-1,237,237,274,0,0,274,1440,1,-274
158,2.957,-2.456,10,-1,363,380
0,363,-1,363,363,380,0,0,380,1440,1,-380
159,1.638,-5.889,10,-1,215,232
0,215,-1,215,215,232,0,0,232,1440,1,-232
160,6.188,-1.517,10,-1,303,329
0,303,-1,303,303,329,0,0,329,1440,1,-329
161,4.009,-0.963,10,-1,313,352
0,313,-1,313,313,352,0,0,352,1440,1,-352
162,0.012,-0.464,10,-1,272,312
0,272,-1,272,272,312,0,0,312,1440,1,-312
163,-0.893,-4.390,10,-1,208,246
0,208,-1,208,208,246,0,0,246,1440,1,-246
164,-0.714,-5.743,10,-1,182,199
0,182,-1,182,182,199,0,0,199,1440,1,-199
165,0.755,-2.121,10,-1,462,483
0,462,-1,462,462,483,0,0,483,1440,1,-483
166,0.395,0.730,10,-1,439,474
0,439,-1,439,439,474,0,0,474,1440,1,-474
167,-1.512,9.202,10,-1,474,494
0,474,-1,474,474,494,0,0,494,1440,1,-494
168,8.482,-2.452,10,-1,230,268
0,230,-1,230,230,268,0,0,268,1440,1,-268
169,-5.232,3.068,10,-1,461,479
0,461,-1,461,461,479,0,0,479,1440,1,-479
170,0.754,1.382,10,-1,364,404
0,364,-1,364,364,404,0,0,404,1440,1,-404
171,-2.148,3.036,10,-1,476,493
0,476,-1,476,476,493,0,0,493,1440,1,-493
172,3.605,2.988,10,-1,227,254
0,227,-1,227,227,254,0,0,254,1440,1,-254
173,1.278,-4.094,10,-1,418,436
0,418,-1,418,418,436,0,0,436,1440,1,-436
174,-1.729,-1.025,10,-1,272,293
0,272,-1,272,272,293,0,0,293,1440,1,-293
175,-1.054,1.240,10,-1,141,158
0,141,-1,141,141,158,0,0,158,1440,1,-158
176,-1.585,-5.946,10,-1,318,356
0,318,-1,318,318,356,0,0,356,1440,1,-356
177,2.927,-0.222,10,-1,439,457
0,439,-1,439,439,457,0,0,457,1440,1,-457
178,-1.260,-5.893,10,-1,332,354
0,332,-1,332,332,354,0,0,354,1440,1,-354
179,-1.730,-3.530,10,-1,444,487
0,444,-1,444,444,487,0,0,487,1440,1,-487
180,5.705,-5.035,10,-1,281,313
0,281,-1,281,281,313,0,0,313,1440,1,-313
181,2.694,1.744,10,-1,0,1440
0,1440,0,0
182,-0.620,-0.888,10,-1,0,1440
0,1440,0,0
183,1.698,-1.632,10,-1,0,1440
0,1440,0,0
184,8.371,-3.252,10,-1,0,1440
0,1440,0,0
185,1.245,3.459,10,-1,0,1440
0,1440,0,0
186,1.506,6.700,10,-1,0,1440
0,1440,0,0
187,2.582,-0.584,10,-1,0,1440
0,1440,0,0
188,1.367,-1.483,10,-1,0,1440
0,1440,0,0
189,4.832,-0.516,10,-1,0,1440
0,1440,0,0
190,1.349,1.974,10,-1,0,1440
0,1440,0,0
191,-1.851,6.540,10,-1,0,1440
0,1440,0,0
192,1.755,3.838,10,-1,0,1440
0,1440,0,0
193,3.777,-1.600,10,-1,0,1440
0,1440,0,0
194,4.797,-3.031,10,-1,0,1440
0,1440,0,0
195,3.881,3.624,10,-1,0,1440
0,1440,0,0
196,-1.609,-4.284,10,-1,0,1440
0,1440,0,0
197,2.866,-0.199,10,-1,0,1440
0,1440,0,0
198,-0.586,-0.186,10,-1,0,1440
0,1440,0,0
199,6.052,6.342,10,-1,0,1440
0,1440,0,0
200,6.320,-4.777,10,-1,0,1440
0,1440,0,0
201,-1.531,-2.329,10,-1,0,1440
0,1440,0,0
202,-0.287,0.079,10,-1,0,1440
0,1440,0,0
203,3.206,-1.018,10,-1,0,1440
0,1440,0,0
204,-1.863,-2.567,10,-1,0,1440
0,1440,0,0
205,-0.363,2.543,10,-1,0,1440
0,1440,0,0
206,1.048,2.289,10,-1,0,1440
0,1440,0,0
207,0.182,-0.301,10,-1,0,1440
0,1440,0,0
208,-2.527,-1.218,10,-1,0,1440
0,1440,0,0
209,5.693,-7.551,10,-1,0,1440
0,1440,0,0
210,1.389,-3.623,10,-1,0,1440
0,1440,0,0
211,3.252,-2.952,10,-1,0,1440
0,1440,0,0
212,0.480,-0.729,10,-1,0,1440
0,1440,0,0
213,1.137,-0.834,10,-1,0,1440
0,1440,0,0
214,1.713,-2.465,10,-1,0,1440
0,1440,0,0
215,-3.366,-4.124,10,-1,0,1440
0,1440,0,0
216,-3.239,-5.088,10,-1,0,1440
0,1440,0,0
217,2.304,-1.450,10,-1,0,1440
0,1440,0,0
218,-2.186,-3.950,10,-1,0,1440
0,1440,0,0
219,3.201,7.733,10,-1,0,1440
0,1440,0,0
220,1.383,-7.619,10,-1,0,1440
0,1440,0,0
221,-0.805,-2.118,10,-1,0,1440
0,1440,0,0
222,2.539,4.661,10,-1,0,1440
0,1440,0,0
223,4.954,-5.464,10,-1,0,1440
0,1440,0,0
224,6.342,-0.864,10,-1,0,1440
0,1440,0,0
225,0.230,-0.554,10,-1,0,1440
0,1440,0,0
226,5.242,2.990,10,-1,0,1440
0,1440,0,0
227,0.930,-1.625,10,-1,0,1440
0,1440,0,0
228,3.484,-9.619,10,-1,0,1440
0,1440,0,0
229,-2.106,-4.150,10,-1,0,1440
0,1440,0,0
230,2.845,1.024,10,-1,0,1440
0,1440,0,0
231,1.625,-2.258,10,-1,0,1440
0,1440,0,0
232,-3.664,-3.403,10,-1,0,1440
0,1440,0,0
233,-2.736,-5.018,10,-1,0,1440
0,1440,0,0
234,-5.370,1.133,10,-1,0,1440
0,1440,0,0
235,2.628,-0.599,10,-1,0,1440
0,1440,0,0
236,-3.152,3.459,10,-1,0,1440
0,1440,0,0
237,-1.461,-3.151,10,-1,0,1440
0,1440,0,0
238,-0.424,-3.087,10,-1,0,1440
0,1440,0,0
239,-1.852,-2.949,10,-1,0,1440
0,1440,0,0
