13,288,480,6,90
0,-0.268,-0.947,0,0,0,1440
0,1440,0,0
1,-6.617,-3.781,10,1,0,1440
0,1440,0,0
2,0.267,-3.522,10,1,0,1440
0,1440,0,0
3,3.875,0.862,10,1,0,1440
0,1440,0,0
4,6.265,2.067,10,1,0,1440
0,1440,0,0
5,6.097,-0.611,10,1,0,1440
0,1440,0,0
6,-9.854,-3.953,10,1,0,1440
0,1440,0,0
7,0.841,-8.127,10,1,0,1440
0,1440,0,0
8,-1.457,2.606,10,1,0,1440
0,1440,0,0
9,-3.419,-7.670,10,1,0,1440
0,1440,0,0
10,5.514,-3.391,10,1,0,1440
0,1440,0,0
11,1.587,0.872,10,1,0,1440
0,1440,0,0
12,-6.342,-2.028,10,1,0,1440
0,1440,0,0
13,-0.936,-4.221,10,1,0,1440
0,1440,0,0
14,-5.362,0.373,10,1,0,1440
0,1440,0,0
15,5.349,-0.331,10,1,0,1440
0,1440,0,0
16,-2.261,-3.279,10,1,0,1440
0,1440,0,0
17,3.961,-0.155,10,1,0,1440
0,1440,0,0
18,1.670,-2.275,10,1,0,1440
0,1440,0,0
19,-5.124,-1.376,10,1,0,1440
0,1440,0,0
20,-2.991,1.438,10,1,0,1440
0,1440,0,0
21,-7.044,-2.791,10,1,0,1440
0,1440,0,0
22,-7.539,-3.081,10,1,0,1440
0,1440,0,0
23,1.059,-2.893,10,1,0,1440
0,1440,0,0
24,8.634,-4.594,10,1,0,1440
0,1440,0,0
25,0.386,3.458,10,1,0,1440
0,1440,0,0
26,-3.760,-4.211,10,1,0,1440
0,1440,0,0
27,6.944,0.138,10,1,0,1440
0,1440,0,0
28,-1.382,0.125,10,1,0,1440
0,1440,0,0
29,-2.712,-3.804,10,1,0,1440
0,1440,0,0
30,-6.935,-1.473,10,1,0,1440
0,1440,0,0
31,5.857,2.935,10,1,0,1440
0,1440,0,0
32,5.810,3.170,10,1,0,1440
0,1440,0,0
33,-6.225,-1.643,10,1,0,1440
0,1440,0,0
34,-6.638,1.359,10,1,0,1440
0,1440,0,0
35,6.803,-1.248,10,1,0,1440
0,1440,0,0
36,-3.070,-4.168,10,1,0,1440
0,1440,0,0
37,-5.539,-5.105,10,1,0,1440
0,1440,0,0
38,3.624,-0.265,10,1,0,1440
0,1440,0,0
39,-0.122,0.559,10,1,0,1440
0,1440,0,0
40,1.028,-2.395,10,1,0,1440
0,1440,0,0
41,-0.716,3.686,10,1,0,1440
0,1440,0,0
42,-9.020,6.117,10,1,0,1440
0,1440,0,0
43,4.637,6.508,10,1,0,1440
0,1440,0,0
44,1.335,3.137,10,1,0,1440
0,1440,0,0
45,-7.357,-2.884,10,1,0,1440
0,1440,0,0
46,-4.153,-3.710,10,1,0,1440
0,1440,0,0
47,-6.094,-2.725,10,1,0,1440
0,1440,0,0
48,3.831,5.438,10,1,0,1440
0,1440,0,0
49,2.631,1.198,10,1,0,1440
0,1440,0,0
50,1.030,-4.835,10,1,0,1440
0,1440,0,0
51,5.242,-2.836,10,1,0,1440
0,1440,0,0
52,-4.376,-3.934,10,1,0,1440
0,1440,0,0
53,4.932,1.139,10,1,0,1440
0,1440,0,0
54,4.559,0.435,10,1,0,1440
0,1440,0,0
55,-2.599,-1.581,10,1,0,1440
0,1440,0,0
56,6.525,-5.963,10,1,0,1440
0,1440,0,0
57,1.211,-3.439,10,1,0,1440
0,1440,0,0
58,1.239,-1.625,10,1,0,1440
0,1440,0,0
59,0.053,6.961,10,1,0,1440
0,1440,0,0
60,-0.868,0.777,10,1,0,1440
0,1440,0,0
61,4.147,-3.502,10,1,0,1440
0,1440,0,0
62,1.186,-3.497,10,1,0,1440
0,1440,0,0
63,-0.131,-5.806,10,1,0,1440
0,1440,0,0
64,0.602,-3.102,10,1,0,1440
0,1440,0,0
65,0.179,-3.254,10,1,0,1440
0,1440,0,0
66,2.927,-0.649,10,1,0,1440
0,1440,0,0
67,2.395,1.074,10,1,0,1440
0,1440,0,0
68,-6.589,4.091,10,1,0,1440
0,1440,0,0
69,-1.010,2.626,10,1,0,1440
0,1440,0,0
70,5.809,6.735,10,1,0,1440
0,1440,0,0
71,9.002,0.948,10,1,0,1440
0,1440,0,0
72,-0.662,1.522,10,1,0,1440
0,1440,0,0
73,-0.287,-4.284,10,1,423,451
0,423,-1,423,423,451,0,0,451,1440,1,-451
74,-3.771,-0.731,10,1,129,148
0,129,-1,129,129,148,0,0,148,1440,1,-148
75,4.417,-1.122,10,1,436,462
0,436,-1,436,436,462,0,0,462,1440,1,-462
76,-5.870,-0.281,10,1,334,355
0,334,-1,334,334,355,0,0,355,1440,1,-355
77,-0.391,1.007,10,1,461,489
0,461,-1,461,461,489,0,0,489,1440,1,-489
78,-4.137,-0.150,10,1,133,161
0,133,-1,133,133,161,0,0,161,1440,1,-161
79,5.818,2.756,10,1,267,291
0,267,-1,267,267,291,0,0,291,1440,1,-291
80,-6.386,2.615,10,1,433,454
0,433,-1,433,433,454,0,0,454,1440,1,-454
81,-5.679,-1.592,10,1,182,208
0,182,-1,182,182,208,0,0,208,1440,1,-208
82,2.222,-2.751,10,1,72,101
0,72,-1,72,72,101,0,0,101,1440,1,-101
83,-0.103,-1.484,10,1,98,132
0,98,-1,98,98,132,0,0,132,1440,1,-132
84,-5.770,-1.048,10,1,378,403
0,378,-1,378,378,403,0,0,403,1440,1,-403
85,8.085,0.630,10,1,458,495
0,458,-1,458,458,495,0,0,495,1440,1,-495
86,0.289,1.082,10,1,111,140
0,111,-1,111,111,140,0,0,140,1440,1,-140
87,-3.739,-0.780,10,1,221,264
0,221,-1,221,221,264,0,0,264,1440,1,-264
88,-3.360,-2.674,10,1,225,247
0,225,-1,225,225,247,0,0,247,1440,1,-247
89,9.520,2.423,10,1,228,259
0,228,-1,228,228,259,0,0,259,1440,1,-259
90,-1.390,2.933,10,1,227,250
0,227,-1,227,227,250,0,0,250,1440,1,-250
91,-5.346,0.930,10,1,454,470
0,454,-1,454,454,470,0,0,470,1440,1,-470
92,6.758,1.301,10,1,281,322
0,281,-1,281,281,322,0,0,322,1440,1,-322
93,-8.388,-5.327,10,1,273,309
0,273,-1,273,273,309,0,0,309,1440,1,-309
94,3.026,-7.243,10,1,200,215
0,200,-1,200,200,215,0,0,215,1440,1,-215
95,-2.233,-2.054,10,1,74,95
0,74,-1,74,74,95,0,0,95,1440,1,-95
96,0.374,-3.546,10,1,145,169
0,145,-1,145,145,169,0,0,169,1440,1,-169
97,-2.009,-4.398,10,1,310,331
0,310,-1,310,310,331,0,0,331,1440,1,-331
98,-4.769,-2.110,10,1,403,438
0,403,-1,403,403,438,0,0,438,1440,1,-438
99,-2.045,-1.385,10,1,424,456
0,424,-1,424,424,456,0,0,456,1440,1,-456
100,3.452,0.397,10,1,81,120
0,81,-1,81,81,120,0,0,120,1440,1,-120
101,2.051,-1.188,10,1,203,223
0,203,-1,203,203,223,0,0,223,1440,1,-223
102,-4.604,-2.256,10,1,180,216
0,180,-1,180,180,216,0,0,216,1440,1,-216
103,-3.963,2.538,10,1,115,150
0,115,-1,115,115,150,0,0,150,1440,1,-150
104,-0.102,5.043,10,1,470,500
0,470,-1,470,470,500,0,0,500,1440,1,-500
105,-2.863,2.349,10,1,161,187
0,161,-1,161,161,187,0,0,187,1440,1,-187
106,-5.300,-1.625,10,1,408,428
0,408,-1,408,408,428,0,0,428,1440,1,-428
107,-0.335,-2.295,10,1,239,264
0,239,-1,239,239,264,0,0,264,1440,1,-264
108,-6.264,-2.635,10,1,92,135
0,92,-1,92,92,135,0,0,135,1440,1,-135
109,2.540,0.053,10,1,84,111
0,84,-1,84,84,111,0,0,111,1440,1,-111
110,-2.990,7.292,10,1,453,470
0,453,-1,453,453,470,0,0,470,1440,1,-470
111,2.663,0.197,10,1,326,345
0,326,-1,326,326,345,0,0,345,1440,1,-345
112,-0.981,3.500,10,1,235,256
0,235,-1,235,235,256,0,0,256,1440,1,-256
113,-0.776,-4.243,10,1,216,238
0,216,-1,216,216,238,0,0,238,1440,1,-238
114,2.892,-0.712,10,1,445,467
0,445,-1,445,445,467,0,0,467,1440,1,-467
115,4.769,3.611,10,1,400,444
0,400,-1,400,400,444,0,0,444,1440,1,-444
116,-5.317,0.521,10,1,84,103
0,84,-1,84,84,103,0,0,103,1440,1,-103
117,1.756,1.321,10,1,121,146
0,121,-1,121,121,146,0,0,146,1440,1,-146
118,0.684,-0.250,10,1,429,452
0,429,-1,429,429,452,0,0,452,1440,1,-452
119,-1.732,9.726,10,1,71,111
0,71,-1,71,71,111,0,0,111,1440,1,-111
120,2.241,2.653,10,1,400,423
0,400,-1,400,400,423,0,0,423,1440,1,-423
121,-7.309,-1.325,10,1,157,191
0,157,-1,157,157,191,0,0,191,1440,1,-191
122,-6.500,-0.458,10,1,248,282
0,248,-1,248,248,282,0,0,282,1440,1,-282
123,-3.491,-4.390,10,1,478,508
0,478,-1,478,478,508,0,0,508,1440,1,-508
124,-9.235,-0.452,10,1,310,326
0,310,-1,310,310,326,0,0,326,1440,1,-326
125,0.065,-0.850,10,1,453,483
0,453,-1,453,453,483,0,0,483,1440,1,-483
126,0.505,-3.732,10,1,122,154
0,122,-1,122,122,154,0,0,154,1440,1,-154
127,-1.908,-1.418,10,1,343,375
0,343,-1,343,343,375,0,0,375,1440,1,-375
128,-7.170,-1.145,10,1,397,413
0,397,-1,397,397,413,0,0,413,1440,1,-413
129,-4.558,-2.872,10,1,397,433
0,397,-1,397,397,433,0,0,433,1440,1,-433
130,-2.835,-2.391,10,1,181,214
0,181,-1,181,181,214,0,0,214,1440,1,-214
131,-1.649,3.092,10,1,350,375
0,350,-1,350,350,375,0,0,375,1440,1,-375
132,-8.342,-2.093,10,1,382,422
0,382,-1,382,382,422,0,0,422,1440,1,-422
133,-1.205,-2.061,10,1,351,385
0,351,-1,351,351,385,0,0,385,1440,1,-385
134,-0.718,-6.372,10,1,108,144
0,108,-1,108,108,144,0,0,144,1440,1,-144
135,3.455,-0.888,10,1,272,314
0,272,-1,272,272,314,0,0,314,1440,1,-314
136,-0.487,7.369,10,1,475,512
0,475,-1,475,475,512,0,0,512,1440,1,-512
137,-3.601,-0.388,10,1,297,325
0,297,-1,297,297,325,0,0,325,1440,1,-325
138,-2.840,-2.182,10,1,227,258
0,227,-1,227,227,258,0,0,258,1440,1,-258
139,-5.628,-1.511,10,1,464,508
0,464,-1,464,464,508,0,0,508,1440,1,-508
140,-1.102,4.215,10,1,320,362
0,320,-1,320,320,362,0,0,362,1440,1,-362
141,-6.309,-6.257,10,1,281,319
0,281,-1,281,281,319,0,0,319,1440,1,-319
142,2.949,7.994,10,1,258,279
0,258,-1,258,258,279,0,0,279,1440,1,-279
143,-6.567,-0.024,10,1,201,224
0,201,-1,201,201,224,0,0,224,1440,1,-224
144,4.613,-2.042,10,1,165,184
0,165,-1,165,165,184,0,0,184,1440,1,-184
145,0.158,-1.636,10,-1,478,509
0,478,-1,478,478,509,0,0,509,1440,1,-509
146,4.028,-0.138,10,-1,376,411
0,376,-1,376,376,411,0,0,411,1440,1,-411
147,-1.527,4.225,10,-1,433,463
0,433,-1,433,433,463,0,0,463,1440,1,-463
148,3.322,-1.661,10,-1,281,313
0,281,-1,281,281,313,0,0,313,1440,1,-313
149,-7.239,1.307,10,-1,130,164
0,130,-1,130,130,164,0,0,164,1440,1,-164
150,-2.449,0.527,10,-1,188,223
0,188,-1,188,188,223,0,0,223,1440,1,-223
151,-0.660,-3.096,10,-1,298,321
0,298,-1,298,298,321,0,0,321,1440,1,-321
152,3.129,2.133,10,-1,233,252
0,233,-1,233,233,252,0,0,252,1440,1,-252
153,2.056,0.038,10,-1,368,407
0,368,-1,368,368,407,0,0,407,1440,1,-407
154,-6.720,-4.134,10,-1,352,387
0,352,-1,352,352,387,0,0,387,1440,1,-387
155,2.217,-4.037,10,-1,399,423
0,399,-1,399,399,423,0,0,423,1440,1,-423
156,3.116,0.222,10,-1,311,336
0,311,-1,311,311,336,0,0,336,1440,1,-336
157,7.463,3.022,10,-1,95,112
0,95,-1,95,95,112,0,0,112,1440,1,-112
158,6.070,8.112,10,-1,285,312
0,285,-1,285,285,312,0,0,312,1440,1,-312
159,-6.074,2.413,10,-1,205,243
0,205,-1,205,205,243,0,0,243,1440,1,-243
160,0.198,1.752,10,-1,295,320
0,295,-1,295,295,320,0,0,320,1440,1,-320
161,-8.057,-3.820,10,-1,197,221
0,197,-1,197,197,221,0,0,221,1440,1,-221
162,-4.993,-3.671,10,-1,72,93
0,72,-1,72,72,93,0,0,93,1440,1,-93
163,-6.045,-2.782,10,-1,409,440
0,409,-1,409,409,440,0,0,440,1440,1,-440
164,-7.875,-4.423,10,-1,396,411
0,396,-1,396,396,411,0,0,411,1440,1,-411
165,5.426,-0.926,10,-1,143,161
0,143,-1,143,143,161,0,0,161,1440,1,-161
166,-4.206,-2.664,10,-1,343,380
0,343,-1,343,343,380,0,0,380,1440,1,-380
167,-5.734,-1.672,10,-1,228,245
0,228,-1,228,228,245,0,0,245,1440,1,-245
168,-0.128,-1.333,10,-1,438,457
0,438,-1,438,438,457,0,0,457,1440,1,-457
169,-2.416,3.920,10,-1,438,470
0,438,-1,438,438,470,0,0,470,1440,1,-470
170,1.791,-4.044,10,-1,410,446
0,410,-1,410,410,446,0,0,446,1440,1,-446
171,5.983,-0.367,10,-1,443,470
0,443,-1,443,443,470,0,0,470,1440,1,-470
172,-0.351,0.626,10,-1,78,122
0,78,-1,78,78,122,0,0,122,1440,1,-122
173,4.017,0.859,10,-1,270,302
0,270,-1,270,270,302,0,0,302,1440,1,-302
174,-0.169,-5.438,10,-1,236,276
0,236,-1,236,236,276,0,0,276,1440,1,-276
175,-3.603,-1.707,10,-1,214,258
0,214,-1,214,214,258,0,0,258,1440,1,-258
176,0.728,-0.414,10,-1,140,175
0,140,-1,140,140,175,0,0,175,1440,1,-175
177,3.022,-0.683,10,-1,183,204
0,183,-1,183,183,204,0,0,204,1440,1,-204
178,-2.638,-6.306,10,-1,442,460
0,442,-1,442,442,460,0,0,460,1440,1,-460
179,2.877,-0.003,10,-1,387,423
0,387,-1,387,387,423,0,0,423,1440,1,-423
180,0.263,0.507,10,-1,113,157
0,113,-1,113,113,157,0,0,157,1440,1,-157
181,0.360,-2.160,10,-1,403,442
0,403,-1,403,403,442,0,0,442,1440,1,-442
182,-6.495,-1.096,10,-1,372,393
0,372,-1,372,372,393,0,0,393,1440,1,-393
183,1.867,-4.101,10,-1,435,469
0,435,-1,435,435,469,0,0,469,1440,1,-469
184,2.929,1.280,10,-1,209,247
0,209,-1,209,209,247,0,0,247,1440,1,-247
185,0.453,2.665,10,-1,161,181
0,161,-1,161,161,181,0,0,181,1440,1,-181
186,2.536,2.972,10,-1,272,291
0,272,-1,272,272,291,0,0,291,1440,1,-291
187,5.735,-1.540,10,-1,321,352
0,321,-1,321,321,352,0,0,352,1440,1,-352
188,-1.157,-1.901,10,-1,124,142
0,124,-1,124,124,142,0,0,142,1440,1,-142
189,-4.544,-7.181,10,-1,114,146
0,114,-1,114,114,146,0,0,146,1440,1,-146
190,0.220,-0.356,10,-1,468,497
0,468,-1,468,468,497,0,0,497,1440,1,-497
191,-0.185,-2.448,10,-1,292,311
0,292,-1,292,292,311,0,0,311,1440,1,-311
192,-5.985,-4.894,10,-1,141,181
0,141,-1,141,141,181,0,0,181,1440,1,-181
193,7.008,-1.782,10,-1,221,239
0,221,-1,221,221,239,0,0,239,1440,1,-239
194,-0.493,2.875,10,-1,468,487
0,468,-1,468,468,487,0,0,487,1440,1,-487
195,-4.662,-2.353,10,-1,403,420
0,403,-1,403,403,420,0,0,420,1440,1,-420
196,-4.987,-3.534,10,-1,119,153
0,119,-1,119,119,153,0,0,153,1440,1,-153
197,-6.750,0.814,10,-1,439,480
0,439,-1,439,439,480,0,0,480,1440,1,-480
198,3.119,-1.824,10,-1,420,458
0,420,-1,420,420,458,0,0,458,1440,1,-458
199,-4.214,-5.270,10,-1,283,304
0,283,-1,283,283,304,0,0,304,1440,1,-304
200,-1.509,1.893,10,-1,308,346
0,308,-1,308,308,346,0,0,346,1440,1,-346
201,-7.862,-2.434,10,-1,229,246
0,229,-1,229,229,246,0,0,246,1440,1,-246
202,5.147,-0.961,10,-1,449,464
0,449,-1,449,449,464,0,0,464,1440,1,-464
203,2.999,-3.106,10,-1,331,348
0,331,-1,331,331,348,0,0,348,1440,1,-348
204,4.674,0.145,10,-1,122,160
0,122,-1,122,122,160,0,0,160,1440,1,-160
205,-5.295,3.174,10,-1,334,352
0,334,-1,334,334,352,0,0,352,1440,1,-352
206,1.054,-6.143,10,-1,175,196
0,175,-1,175,175,196,0,0,196,1440,1,-196
207,-1.595,-5.601,10,-1,179,208
0,179,-1,179,179,208,0,0,208,1440,1,-208
208,-0.778,-5.473,10,-1,81,116
0,81,-1,81,81,116,0,0,116,1440,1,-116
209,1.105,-2.091,10,-1,301,316
0,301,-1,301,301,316,0,0,316,1440,1,-316
210,-2.436,-2.305,10,-1,409,435
0,409,-1,409,409,435,0,0,435,1440,1,-435
211,0.295,-2.040,10,-1,111,155
0,111,-1,111,111,155,0,0,155,1440,1,-155
212,-8.265,2.432,10,-1,72,87
0,72,-1,72,72,87,0,0,87,1440,1,-87
213,-1.213,4.207,10,-1,421,462
0,421,-1,421,421,462,0,0,462,1440,1,-462
214,-9.803,-3.636,10,-1,405,431
0,405,-1,405,405,431,0,0,431,1440,1,-431
215,-6.110,-1.348,10,-1,102,129
0,102,-1,102,102,129,0,0,129,1440,1,-129
216,-3.914,0.629,10,-1,192,234
0,192,-1,192,192,234,0,0,234,1440,1,-234
217,4.118,0.797,10,-1,0,1440
0,1440,0,0
218,0.425,1.983,10,-1,0,1440
0,1440,0,0
219,-3.414,-3.792,10,-1,0,1440
0,1440,0,0
220,-0.456,2.357,10,-1,0,1440
0,1440,0,0
221,3.789,-0.195,10,-1,0,1440
0,1440,0,0
222,7.826,1.594,10,-1,0,1440
0,1440,0,0
223,-0.866,-2.511,10,-1,0,1440
0,1440,0,0
224,1.007,3.716,10,-1,0,1440
0,1440,0,0
225,-4.262,-4.699,10,-1,0,1440
0,1440,0,0
226,9.216,-9.418,10,-1,0,1440
0,1440,0,0
227,3.220,-3.984,10,-1,0,1440
0,1440,0,0
228,-5.523,-1.503,10,-1,0,1440
0,1440,0,0
229,-2.675,-2.149,10,-1,0,1440
0,1440,0,0
230,-7.551,-0.071,10,-1,0,1440
0,1440,0,0
231,3.402,1.266,10,-1,0,1440
0,1440,0,0
232,-0.264,-2.083,10,-1,0,1440
0,1440,0,0
233,5.337,1.377,10,-1,0,1440
0,1440,0,0
234,-1.495,-4.026,10,-1,0,1440
0,1440,0,0
235,6.783,0.575,10,-1,0,1440
0,1440,0,0
236,-1.322,-2.603,10,-1,0,1440
0,1440,0,0
237,0.417,-3.262,10,-1,0,1440
0,1440,0,0
238,-2.605,-3.331,10,-1,0,1440
0,1440,0,0
239,3.196,-4.570,10,-1,0,1440
0,1440,0,0
240,9.682,2.621,10,-1,0,1440
0,1440,0,0
241,-4.470,-3.785,10,-1,0,1440
0,1440,0,0
242,3.342,1.179,10,-1,0,1440
0,1440,0,0
243,-3.519,1.923,10,-1,0,1440
0,1440,0,0
244,-1.423,-7.499,10,-1,0,1440
0,1440,0,0
245,3.716,-0.084,10,-1,0,1440
0,1440,0,0
246,-5.170,-2.645,10,-1,0,1440
0,1440,0,0
247,2.353,0.590,10,-1,0,1440
0,1440,0,0
248,-1.843,5.371,10,-1,0,1440
0,1440,0,0
249,-1.134,-1.762,10,-1,0,1440
0,1440,0,0
250,-0.781,-3.590,10,-1,0,1440
0,1440,0,0
251,0.352,2.694,10,-1,0,1440
0,1440,0,0
252,-4.659,-2.227,10,-1,0,1440
0,1440,0,0
253,-0.300,-0.055,10,-1,0,1440
0,1440,0,0
254,3.215,1.715,10,-1,0,1440
0,1440,0,0
255,3.202,1.301,10,-1,0,1440
0,1440,0,0
256,-0.663,2.989,10,-1,0,1440
0,1440,0,0
257,7.778,-2.540,10,-1,0,1440
0,1440,0,0
258,3.071,6.570,10,-1,0,1440
0,1440,0,0
259,-4.381,-4.304,10,-1,0,1440
0,1440,0,0
260,4.956,1.683,10,-1,0,1440
0,1440,0,0
261,-2.893,-0.044,10,-1,0,1440
0,1440,0,0
262,4.036,1.638,10,-1,0,1440
0,1440,0,0
263,2.275,4.067,10,-1,0,1440
0,1440,0,0
264,-0.147,0.657,10,-1,0,1440
0,1440,0,0
265,-0.119,1.686,10,-1,0,1440
0,1440,0,0
266,0.803,4.182,10,-1,0,1440
0,1440,0,0
267,-4.402,-2.278,10,-1,0,1440
0,1440,0,0
268,1.237,-1.135,10,-1,0,1440
0,1440,0,0
269,3.328,1.588,10,-1,0,1440
0,1440,0,0
270,-3.479,-1.504,10,-1,0,1440
0,1440,0,0
271,-9.686,-1.939,10,-1,0,1440
0,1440,0,0
272,3.843,-0.535,10,-1,0,1440
0,1440,0,0
273,-2.539,0.022,10,-1,0,1440
0,1440,0,0
274,0.085,-3.186,10,-1,0,1440
0,1440,0,0
275,-2.402,9.569,10,-1,0,1440
0,1440,0,0
276,-0.427,3.547,10,-1,0,1440
0,1440,0,0
277,-0.693,0.185,10,-1,0,1440
0,1440,0,0
278,-7.095,-0.322,10,-1,0,1440
0,1440,0,0
279,-3.265,-1.652,10,-1,0,1440
0,1440,0,0
280,4.286,-2.168,10,-1,0,1440
0,1440,0,0
281,0.518,0.640,10,-1,0,1440
0,1440,0,0
282,3.692,-0.499,10,-1,0,1440
0,1440,0,0
283,4.959,2.778,10,-1,0,1440
0,1440,0,0
284,4.504,1.079,10,-1,0,1440
0,1440,0,0
285,0.769,1.406,10,-1,0,1440
0,1440,0,0
286,-6.091,1.864,10,-1,0,1440
0,1440,0,0
287,-6.450,0.892,10,-1,0,1440
0,1440,0,0
288,3.716,-1.499,10,-1,0,1440
0,1440,0,0
