3,48,480,6,90
0,-1.044,2.000,0,0,0,1440
0,1440,0,0
1,-2.973,6.414,10,1,0,1440
0,1440,0,0
2,-3.066,0.546,10,1,0,1440
0,1440,0,0
3,5.164,0.547,10,1,0,1440
0,1440,0,0
4,-1.317,6.934,10,1,0,1440
0,1440,0,0
5,-6.741,6.832,10,1,0,1440
0,1440,0,0
6,4.891,0.627,10,1,0,1440
0,1440,0,0
7,0.524,2.226,10,1,0,1440
0,1440,0,0
8,-6.500,7.723,10,1,0,1440
0,1440,0,0
9,-0.417,-0.157,10,1,0,1440
0,1440,0,0
10,2.303,1.164,10,1,0,1440
0,1440,0,0
11,2.548,0.629,10,1,0,1440
0,1440,0,0
12,-4.261,-2.639,10,1,0,1440
0,1440,0,0
13,-7.667,9.934,10,1,455,544
0,455,-1,455,455,544,0,0,544,1440,1,-544
14,-2.067,5.789,10,1,127,199
0,127,-1,127,127,199,0,0,199,1440,1,-199
15,-5.204,0.657,10,1,239,323
0,239,-1,239,239,323,0,0,323,1440,1,-323
16,-4.138,5.082,10,1,84,143
0,84,-1,84,84,143,0,0,143,1440,1,-143
17,-9.194,2.759,10,1,264,342
0,264,-1,264,264,342,0,0,342,1440,1,-342
18,-6.512,3.021,10,1,71,158
0,71,-1,71,71,158,0,0,158,1440,1,-158
19,1.860,9.672,10,1,418,454
0,418,-1,418,418,454,0,0,454,1440,1,-454
20,-4.094,8.321,10,1,400,488
0,400,-1,400,400,488,0,0,488,1440,1,-488
21,-3.776,-3.333,10,1,233,306
0,233,-1,233,233,306,0,0,306,1440,1,-306
22,2.377,2.908,10,1,154,222
0,154,-1,154,154,222,0,0,222,1440,1,-222
23,-4.303,2.045,10,1,470,523
0,470,-1,470,470,523,0,0,523,1440,1,-523
24,-3.530,-2.490,10,1,259,306
0,259,-1,259,259,306,0,0,306,1440,1,-306
25,-5.476,1.437,10,-1,451,532
0,451,-1,451,451,532,0,0,532,1440,1,-532
26,-4.933,3.337,10,-1,163,201
0,163,-1,163,163,201,0,0,201,1440,1,-201
27,5.740,2.382,10,-1,464,543
0,464,-1,464,464,543,0,0,543,1440,1,-543
28,-2.275,5.541,10,-1,421,505
0,421,-1,421,421,505,0,0,505,1440,1,-505
29,-5.662,7.334,10,-1,402,433
0,402,-1,402,402,433,0,0,433,1440,1,-433
30,-3.856,-0.370,10,-1,319,363
0,319,-1,319,319,363,0,0,363,1440,1,-363
31,-1.678,1.954,10,-1,452,522
0,452,-1,452,452,522,0,0,522,1440,1,-522
32,-1.156,1.161,10,-1,371,426
0,371,-1,371,371,426,0,0,426,1440,1,-426
33,-4.655,9.797,10,-1,264,340
0,264,-1,264,264,340,0,0,340,1440,1,-340
34,1.623,0.932,10,-1,219,269
0,219,-1,219,219,269,0,0,269,1440,1,-269
35,0.129,0.735,10,-1,427,468
0,427,-1,427,427,468,0,0,468,1440,1,-468
36,-2.640,2.953,10,-1,195,231
0,195,-1,195,195,231,0,0,231,1440,1,-231
37,0.435,1.469,10,-1,0,1440
0,1440,0,0
38,-5.066,-2.313,10,-1,0,1440
0,1440,0,0
39,-2.283,-0.981,10,-1,0,1440
0,1440,0,0
40,-7.110,-1.862,10,-1,0,1440
0,1440,0,0
41,-0.785,3.207,10,-1,0,1440
0,1440,0,0
42,1.188,-2.493,10,-1,0,1440
0,1440,0,0
43,-1.893,-2.373,10,-1,0,1440
0,1440,0,0
44,-1.192,1.175,10,-1,0,1440
0,1440,0,0
45,2.984,1.163,10,-1,0,1440
0,1440,0,0
46,1.227,-5.581,10,-1,0,1440
0,1440,0,0
47,-3.793,-2.161,10,-1,0,1440
0,1440,0,0
48,4.288,-0.297,10,-1,0,1440
0,1440,0,0
