5,96,480,6,90
0,3.022,2.479,0,0,0,1440
0,1440,0,0
1,3.359,3.075,10,1,0,1440
0,1440,0,0
2,4.883,6.531,10,1,0,1440
0,1440,0,0
3,8.618,5.934,10,1,0,1440
0,1440,0,0
4,3.927,-3.306,10,1,0,1440
0,1440,0,0
5,-2.337,8.685,10,1,0,1440
0,1440,0,0
6,4.813,9.559,10,1,0,1440
0,1440,0,0
7,-1.636,9.331,10,1,0,1440
0,1440,0,0
8,-5.770,-6.560,10,1,0,1440
0,1440,0,0
9,0.715,3.268,10,1,0,1440
0,1440,0,0
10,4.295,6.870,10,1,0,1440
0,1440,0,0
11,3.708,-0.211,10,1,0,1440
0,1440,0,0
12,7.776,5.582,10,1,0,1440
0,1440,0,0
13,-1.746,-5.657,10,1,0,1440
0,1440,0,0
14,5.857,5.989,10,1,0,1440
0,1440,0,0
15,5.778,1.534,10,1,0,1440
0,1440,0,0
16,-2.233,3.607,10,1,0,1440
0,1440,0,0
17,-0.708,3.049,10,1,0,1440
0,1440,0,0
18,5.566,6.042,10,1,0,1440
0,1440,0,0
19,-1.431,1.146,10,1,0,1440
0,1440,0,0
20,-2.972,2.427,10,1,0,1440
0,1440,0,0
21,4.322,0.074,10,1,0,1440
0,1440,0,0
22,4.518,3.547,10,1,0,1440
0,1440,0,0
23,6.448,0.224,10,1,0,1440
0,1440,0,0
24,5.508,7.224,10,1,0,1440
0,1440,0,0
25,1.693,1.574,10,1,295,337
0,295,-1,295,295,337,0,0,337,1440,1,-337
26,4.504,-0.372,10,1,479,562
0,479,-1,479,479,562,0,0,562,1440,1,-562
27,-7.678,0.594,10,1,241,316
0,241,-1,241,241,316,0,0,316,1440,1,-316
28,3.617,0.026,10,1,82,142
0,82,-1,82,82,142,0,0,142,1440,1,-142
29,2.922,0.894,10,1,418,478
0,418,-1,418,418,478,0,0,478,1440,1,-478
30,6.506,0.522,10,1,138,176
0,138,-1,138,138,176,0,0,176,1440,1,-176
31,4.217,-2.228,10,1,386,472
0,386,-1,386,386,472,0,0,472,1440,1,-472
32,2.557,3.173,10,1,229,294
0,229,-1,229,229,294,0,0,294,1440,1,-294
33,3.156,3.726,10,1,378,429
0,378,-1,378,378,429,0,0,429,1440,1,-429
34,6.650,-5.417,10,1,252,312
0,252,-1,252,252,312,0,0,312,1440,1,-312
35,4.658,-1.794,10,1,193,249
0,193,-1,193,193,249,0,0,249,1440,1,-249
36,6.506,4.088,10,1,442,506
0,442,-1,442,442,506,0,0,506,1440,1,-506
37,-0.272,2.477,10,1,280,323
0,280,-1,280,280,323,0,0,323,1440,1,-323
38,-4.000,0.387,10,1,75,120
0,75,-1,75,75,120,0,0,120,1440,1,-120
39,-7.350,5.704,10,1,164,201
0,164,-1,164,164,201,0,0,201,1440,1,-201
40,8.115,-2.571,10,1,218,296
0,218,-1,218,218,296,0,0,296,1440,1,-296
41,1.201,-0.796,10,1,202,254
0,202,-1,202,202,254,0,0,254,1440,1,-254
42,4.276,3.809,10,1,357,433
0,357,-1,357,357,433,0,0,433,1440,1,-433
43,0.386,-2.318,10,1,118,193
0,118,-1,118,118,193,0,0,193,1440,1,-193
44,-0.737,2.439,10,1,180,269
0,180,-1,180,180,269,0,0,269,1440,1,-269
45,3.594,-1.183,10,1,171,229
0,171,-1,171,171,229,0,0,229,1440,1,-229
46,5.208,0.969,10,1,114,146
0,114,-1,114,114,146,0,0,146,1440,1,-146
47,3.073,3.070,10,1,235,297
0,235,-1,235,235,297,0,0,297,1440,1,-297
48,4.122,7.792,10,1,326,366
0,326,-1,326,326,366,0,0,366,1440,1,-366
49,6.888,-4.055,10,-1,436,471
0,436,-1,436,436,471,0,0,471,1440,1,-471
50,7.631,8.667,10,-1,345,387
0,345,-1,345,345,387,0,0,387,1440,1,-387
51,6.393,7.854,10,-1,281,346
0,281,-1,281,281,346,0,0,346,1440,1,-346
52,2.915,-0.996,10,-1,389,422
0,389,-1,389,389,422,0,0,422,1440,1,-422
53,8.552,3.995,10,-1,401,480
0,401,-1,401,401,480,0,0,480,1440,1,-480
54,3.177,0.387,10,-1,189,222
0,189,-1,189,189,222,0,0,222,1440,1,-222
55,-2.054,1.909,10,-1,461,532
0,461,-1,461,461,532,0,0,532,1440,1,-532
56,5.535,4.382,10,-1,427,474
0,427,-1,427,427,474,0,0,474,1440,1,-474
57,3.541,1.028,10,-1,85,149
0,85,-1,85,85,149,0,0,149,1440,1,-149
58,2.546,-0.029,10,-1,87,128
0,87,-1,87,87,128,0,0,128,1440,1,-128
59,1.240,0.024,10,-1,204,255
0,204,-1,204,204,255,0,0,255,1440,1,-255
60,1.836,2.092,10,-1,141,207
0,141,-1,141,141,207,0,0,207,1440,1,-207
61,2.796,-1.504,10,-1,405,454
0,405,-1,405,405,454,0,0,454,1440,1,-454
62,-0.319,1.988,10,-1,333,377
0,333,-1,333,333,377,0,0,377,1440,1,-377
63,0.933,-4.135,10,-1,419,466
0,419,-1,419,419,466,0,0,466,1440,1,-466
64,-2.058,3.818,10,-1,234,309
0,234,-1,234,234,309,0,0,309,1440,1,-309
65,2.782,2.873,10,-1,219,254
0,219,-1,219,219,254,0,0,254,1440,1,-254
66,5.903,4.231,10,-1,465,549
0,465,-1,465,465,549,0,0,549,1440,1,-549
67,5.631,5.873,10,-1,348,423
0,348,-1,348,348,423,0,0,423,1440,1,-423
68,-5.165,-0.034,10,-1,462,521
0,462,-1,462,462,521,0,0,521,1440,1,-521
69,0.258,3.272,10,-1,300,345
0,300,-1,300,300,345,0,0,345,1440,1,-345
70,1.513,-0.305,10,-1,295,356
0,295,-1,295,295,356,0,0,356,1440,1,-356
71,6.659,3.494,10,-1,458,514
0,458,-1,458,458,514,0,0,514,1440,1,-514
72,1.948,2.014,10,-1,266,324
0,266,-1,266,266,324,0,0,324,1440,1,-324
73,-0.117,2.065,10,-1,0,1440
0,1440,0,0
74,-2.120,1.366,10,-1,0,1440
0,1440,0,0
75,9.885,0.126,10,-1,0,1440
0,1440,0,0
76,8.259,7.200,10,-1,0,1440
0,1440,0,0
77,3.002,-3.090,10,-1,0,1440
0,1440,0,0
78,3.323,4.166,10,-1,0,1440
0,1440,0,0
79,3.949,-0.854,10,-1,0,1440
0,1440,0,0
80,5.450,7.081,10,-1,0,1440
0,1440,0,0
81,0.306,1.025,10,-1,0,1440
0,1440,0,0
82,5.183,-1.687,10,-1,0,1440
0,1440,0,0
83,7.642,1.135,10,-1,0,1440
0,1440,0,0
84,0.524,0.024,10,-1,0,1440
0,1440,0,0
85,5.059,3.425,10,-1,0,1440
0,1440,0,0
86,-0.523,-0.208,10,-1,0,1440
0,1440,0,0
87,2.419,2.584,10,-1,0,1440
0,1440,0,0
88,3.363,3.759,10,-1,0,1440
0,1440,0,0
89,3.144,-0.700,10,-1,0,1440
0,1440,0,0
90,3.071,-2.817,10,-1,0,1440
0,1440,0,0
91,4.986,0.104,10,-1,0,1440
0,1440,0,0
92,-3.577,1.414,10,-1,0,1440
0,1440,0,0
93,-2.931,0.489,10,-1,0,1440
0,1440,0,0
94,1.905,4.197,10,-1,0,1440
0,1440,0,0
95,2.760,1.393,10,-1,0,1440
0,1440,0,0
96,5.283,5.068,10,-1,0,1440
0,1440,0,0
