7,144,480,6,90
0,-1.839,0.112,0,0,0,1440
0,1440,0,0
1,-5.528,-2.437,10,1,0,1440
0,1440,0,0
2,-4.830,5.331,10,1,0,1440
0,1440,0,0
3,-4.907,-3.849,10,1,0,1440
0,1440,0,0
4,2.531,-1.856,10,1,0,1440
0,1440,0,0
5,-2.447,-0.382,10,1,0,1440
0,1440,0,0
6,2.459,-1.790,10,1,0,1440
0,1440,0,0
7,-1.042,6.036,10,1,0,1440
0,1440,0,0
8,3.818,-3.517,10,1,0,1440
0,1440,0,0
9,-6.828,9.307,10,1,0,1440
0,1440,0,0
10,-3.079,-5.734,10,1,0,1440
0,1440,0,0
11,-3.706,-1.212,10,1,0,1440
0,1440,0,0
12,-1.574,-4.764,10,1,0,1440
0,1440,0,0
13,-6.338,-2.292,10,1,0,1440
0,1440,0,0
14,-4.311,-4.344,10,1,0,1440
0,1440,0,0
15,-2.562,1.360,10,1,0,1440
0,1440,0,0
16,-0.263,1.663,10,1,0,1440
0,1440,0,0
17,-4.158,-2.850,10,1,0,1440
0,1440,0,0
18,0.208,1.288,10,1,0,1440
0,1440,0,0
19,0.392,-4.784,10,1,0,1440
0,1440,0,0
20,-8.329,2.632,10,1,0,1440
0,1440,0,0
21,-0.646,2.635,10,1,0,1440
0,1440,0,0
22,0.329,0.673,10,1,0,1440
0,1440,0,0
23,-3.487,3.043,10,1,0,1440
0,1440,0,0
24,1.555,-3.627,10,1,0,1440
0,1440,0,0
25,1.284,0.513,10,1,0,1440
0,1440,0,0
26,-4.845,-2.443,10,1,0,1440
0,1440,0,0
27,-8.854,-1.046,10,1,0,1440
0,1440,0,0
28,-2.977,0.100,10,1,0,1440
0,1440,0,0
29,0.983,3.842,10,1,0,1440
0,1440,0,0
30,0.141,9.294,10,1,0,1440
0,1440,0,0
31,-7.930,1.538,10,1,0,1440
0,1440,0,0
32,-3.065,4.006,10,1,0,1440
0,1440,0,0
33,1.893,2.164,10,1,0,1440
0,1440,0,0
34,4.509,-5.991,10,1,0,1440
0,1440,0,0
35,-3.495,-0.382,10,1,0,1440
0,1440,0,0
36,8.120,-7.474,10,1,0,1440
0,1440,0,0
37,1.559,-2.845,10,1,395,469
0,395,-1,395,395,469,0,0,469,1440,1,-469
38,-7.219,2.955,10,1,187,253
0,187,-1,187,187,253,0,0,253,1440,1,-253
39,-4.291,-2.268,10,1,456,530
0,456,-1,456,456,530,0,0,530,1440,1,-530
40,-7.639,-5.749,10,1,266,316
0,266,-1,266,266,316,0,0,316,1440,1,-316
41,-2.854,1.207,10,1,419,452
0,419,-1,419,419,452,0,0,452,1440,1,-452
42,-6.139,2.653,10,1,173,206
0,173,-1,173,173,206,0,0,206,1440,1,-206
43,-0.847,1.262,10,1,321,370
0,321,-1,321,321,370,0,0,370,1440,1,-370
44,-6.147,3.339,10,1,291,349
0,291,-1,291,291,349,0,0,349,1440,1,-349
45,-3.467,-2.759,10,1,242,302
0,242,-1,242,242,302,0,0,302,1440,1,-302
46,1.031,-1.252,10,1,149,194
0,149,-1,149,149,194,0,0,194,1440,1,-194
47,-8.301,7.700,10,1,249,317
0,249,-1,249,249,317,0,0,317,1440,1,-317
48,-4.042,4.999,10,1,129,209
0,129,-1,129,129,209,0,0,209,1440,1,-209
49,8.383,3.391,10,1,333,367
0,333,-1,333,333,367,0,0,367,1440,1,-367
50,-2.056,-7.583,10,1,241,304
0,241,-1,241,241,304,0,0,304,1440,1,-304
51,1.544,-1.872,10,1,127,208
0,127,-1,127,127,208,0,0,208,1440,1,-208
52,-5.994,-6.580,10,1,192,279
0,192,-1,192,192,279,0,0,279,1440,1,-279
53,0.515,4.781,10,1,315,382
0,315,-1,315,315,382,0,0,382,1440,1,-382
54,4.601,1.499,10,1,296,359
0,296,-1,296,296,359,0,0,359,1440,1,-359
55,8.298,-0.166,10,1,211,244
0,211,-1,211,211,244,0,0,244,1440,1,-244
56,3.989,-3.892,10,1,435,478
0,435,-1,435,435,478,0,0,478,1440,1,-478
57,9.084,-8.354,10,1,108,147
0,108,-1,108,108,147,0,0,147,1440,1,-147
58,0.707,0.007,10,1,177,251
0,177,-1,177,177,251,0,0,251,1440,1,-251
59,1.896,4.009,10,1,268,347
0,268,-1,268,268,347,0,0,347,1440,1,-347
60,-8.049,5.821,10,1,148,233
0,148,-1,148,148,233,0,0,233,1440,1,-233
61,6.446,-6.295,10,1,204,259
0,204,-1,204,204,259,0,0,259,1440,1,-259
62,-4.362,-2.612,10,1,140,217
0,140,-1,140,140,217,0,0,217,1440,1,-217
63,-1.841,1.030,10,1,85,136
0,85,-1,85,85,136,0,0,136,1440,1,-136
64,-4.392,6.325,10,1,330,402
0,330,-1,330,330,402,0,0,402,1440,1,-402
65,1.135,2.622,10,1,238,272
0,238,-1,238,238,272,0,0,272,1440,1,-272
66,-0.700,3.824,10,1,174,239
0,174,-1,174,174,239,0,0,239,1440,1,-239
67,7.408,-3.422,10,1,455,520
0,455,-1,455,455,520,0,0,520,1440,1,-520
68,1.430,-0.080,10,1,289,352
0,289,-1,289,289,352,0,0,352,1440,1,-352
69,-9.414,-4.878,10,1,146,182
0,146,-1,146,146,182,0,0,182,1440,1,-182
70,1.533,-4.217,10,1,103,167
0,103,-1,103,103,167,0,0,167,1440,1,-167
71,-4.664,-1.646,10,1,128,217
0,128,-1,128,128,217,0,0,217,1440,1,-217
72,-0.096,-8.100,10,1,389,435
0,389,-1,389,389,435,0,0,435,1440,1,-435
73,-3.744,-4.251,10,-1,127,160
0,127,-1,127,127,160,0,0,160,1440,1,-160
74,-0.368,-6.907,10,-1,68,137
0,68,-1,68,68,137,0,0,137,1440,1,-137
75,3.489,-2.090,10,-1,435,478
0,435,-1,435,435,478,0,0,478,1440,1,-478
76,4.554,5.141,10,-1,307,351
0,307,-1,307,307,351,0,0,351,1440,1,-351
77,-3.193,8.824,10,-1,335,411
0,335,-1,335,335,411,0,0,411,1440,1,-411
78,-1.358,-2.696,10,-1,73,146
0,73,-1,73,73,146,0,0,146,1440,1,-146
79,1.265,-4.834,10,-1,117,187
0,117,-1,117,117,187,0,0,187,1440,1,-187
80,-4.618,-3.827,10,-1,241,304
0,241,-1,241,241,304,0,0,304,1440,1,-304
81,-2.962,3.508,10,-1,375,447
0,375,-1,375,375,447,0,0,447,1440,1,-447
82,1.370,4.399,10,-1,123,194
0,123,-1,123,123,194,0,0,194,1440,1,-194
83,3.834,-4.634,10,-1,182,253
0,182,-1,182,182,253,0,0,253,1440,1,-253
84,-2.623,2.451,10,-1,162,221
0,162,-1,162,162,221,0,0,221,1440,1,-221
85,9.001,-4.364,10,-1,398,448
0,398,-1,398,398,448,0,0,448,1440,1,-448
86,-0.700,2.252,10,-1,87,175
0,87,-1,87,87,175,0,0,175,1440,1,-175
87,-2.999,-2.885,10,-1,205,286
0,205,-1,205,205,286,0,0,286,1440,1,-286
88,-5.627,-6.474,10,-1,164,224
0,164,-1,164,164,224,0,0,224,1440,1,-224
89,-8.742,9.080,10,-1,444,490
0,444,-1,444,444,490,0,0,490,1440,1,-490
90,-0.576,5.403,10,-1,129,207
0,129,-1,129,129,207,0,0,207,1440,1,-207
91,-3.484,-2.718,10,-1,269,344
0,269,-1,269,269,344,0,0,344,1440,1,-344
92,-1.648,1.618,10,-1,79,118
0,79,-1,79,79,118,0,0,118,1440,1,-118
93,2.371,2.949,10,-1,284,318
0,284,-1,284,284,318,0,0,318,1440,1,-318
94,-4.099,4.659,10,-1,426,496
0,426,-1,426,426,496,0,0,496,1440,1,-496
95,-5.352,-2.162,10,-1,377,425
0,377,-1,377,377,425,0,0,425,1440,1,-425
96,-1.756,3.749,10,-1,159,219
0,159,-1,159,159,219,0,0,219,1440,1,-219
97,-3.731,5.684,10,-1,63,116
0,63,-1,63,63,116,0,0,116,1440,1,-116
98,7.152,2.251,10,-1,144,191
0,144,-1,144,144,191,0,0,191,1440,1,-191
99,-4.186,2.771,10,-1,96,152
0,96,-1,96,96,152,0,0,152,1440,1,-152
100,1.482,-8.212,10,-1,394,477
0,394,-1,394,394,477,0,0,477,1440,1,-477
101,3.032,-5.532,10,-1,393,474
0,393,-1,393,393,474,0,0,474,1440,1,-474
102,-3.917,4.800,10,-1,422,460
0,422,-1,422,422,460,0,0,460,1440,1,-460
103,-9.442,1.519,10,-1,358,394
0,358,-1,358,358,394,0,0,394,1440,1,-394
104,-0.781,1.127,10,-1,333,400
0,333,-1,333,333,400,0,0,400,1440,1,-400
105,2.857,-4.991,10,-1,220,299
0,220,-1,220,220,299,0,0,299,1440,1,-299
106,-2.065,2.455,10,-1,242,324
0,242,-1,242,242,324,0,0,324,1440,1,-324
107,-3.096,-1.890,10,-1,300,358
0,300,-1,300,300,358,0,0,358,1440,1,-358
108,0.172,-2.045,10,-1,233,294
0,233,-1,233,233,294,0,0,294,1440,1,-294
109,-3.101,-2.111,10,-1,0,1440
0,1440,0,0
110,-8.572,-2.801,10,-1,0,1440
0,1440,0,0
111,5.883,-6.304,10,-1,0,1440
0,1440,0,0
112,-1.575,-5.269,10,-1,0,1440
0,1440,0,0
113,-7.166,5.118,10,-1,0,1440
0,1440,0,0
114,-9.263,-0.660,10,-1,0,1440
0,1440,0,0
115,3.351,-4.926,10,-1,0,1440
0,1440,0,0
116,5.931,5.409,10,-1,0,1440
0,1440,0,0
117,3.074,-2.844,10,-1,0,1440
0,1440,0,0
118,-5.590,1.846,10,-1,0,1440
0,1440,0,0
119,-8.996,-3.953,10,-1,0,1440
0,1440,0,0
120,3.644,2.082,10,-1,0,1440
0,1440,0,0
121,-5.367,-5.643,10,-1,0,1440
0,1440,0,0
122,-3.187,3.254,10,-1,0,1440
0,1440,0,0
123,0.566,1.276,10,-1,0,1440
0,1440,0,0
124,-5.290,4.280,10,-1,0,1440
0,1440,0,0
125,4.713,-4.546,10,-1,0,1440
0,1440,0,0
126,3.079,0.987,10,-1,0,1440
0,1440,0,0
127,-4.521,-5.629,10,-1,0,1440
0,1440,0,0
128,1.092,1.331,10,-1,0,1440
0,1440,0,0
129,-3.299,-3.400,10,-1,0,1440
0,1440,0,0
130,-4.087,3.058,10,-1,0,1440
0,1440,0,0
131,-6.935,8.041,10,-1,0,1440
0,1440,0,0
132,-5.897,-2.954,10,-1,0,1440
0,1440,0,0
133,-3.685,-3.371,10,-1,0,1440
0,1440,0,0
134,-2.182,6.537,10,-1,0,1440
0,1440,0,0
135,2.298,-4.101,10,-1,0,1440
0,1440,0,0
136,-7.756,5.981,10,-1,0,1440
0,1440,0,0
137,-4.720,6.772,10,-1,0,1440
0,1440,0,0
138,-2.161,3.517,10,-1,0,1440
0,1440,0,0
139,-5.568,-3.138,10,-1,0,1440
0,1440,0,0
140,-8.523,8.879,10,-1,0,1440
0,1440,0,0
141,-0.392,-6.353,10,-1,0,1440
0,1440,0,0
142,-5.856,5.938,10,-1,0,1440
0,1440,0,0
143,-2.454,1.494,10,-1,0,1440
0,1440,0,0
