11,240,480,6,90
0,0.868,-1.044,0,0,0,1440
0,1440,0,0
1,6.599,-4.983,10,1,0,1440
0,1440,0,0
2,-3.694,-3.674,10,1,0,1440
0,1440,0,0
3,-0.273,1.877,10,1,0,1440
0,1440,0,0
4,3.112,-3.591,10,1,0,1440
0,1440,0,0
5,0.279,0.801,10,1,0,1440
0,1440,0,0
6,3.115,4.367,10,1,0,1440
0,1440,0,0
7,-3.630,-2.131,10,1,0,1440
0,1440,0,0
8,5.281,3.505,10,1,0,1440
0,1440,0,0
9,1.127,2.066,10,1,0,1440
0,1440,0,0
10,-0.062,2.311,10,1,0,1440
0,1440,0,0
11,4.309,-1.236,10,1,0,1440
0,1440,0,0
12,0.685,1.907,10,1,0,1440
0,1440,0,0
13,-0.685,2.532,10,1,0,1440
0,1440,0,0
14,-2.793,-2.371,10,1,0,1440
0,1440,0,0
15,3.324,-3.049,10,1,0,1440
0,1440,0,0
16,6.388,-5.288,10,1,0,1440
0,1440,0,0
17,-1.367,-4.394,10,1,0,1440
0,1440,0,0
18,-0.065,-2.750,10,1,0,1440
0,1440,0,0
19,5.941,-4.926,10,1,0,1440
0,1440,0,0
20,2.717,-0.571,10,1,0,1440
0,1440,0,0
21,7.000,-2.084,10,1,0,1440
0,1440,0,0
22,3.533,-6.517,10,1,0,1440
0,1440,0,0
23,-1.439,-4.224,10,1,0,1440
0,1440,0,0
24,1.937,3.027,10,1,0,1440
0,1440,0,0
25,-3.979,1.010,10,1,0,1440
0,1440,0,0
26,-1.575,-4.020,10,1,0,1440
0,1440,0,0
27,-2.842,-4.050,10,1,0,1440
0,1440,0,0
28,2.708,0.973,10,1,0,1440
0,1440,0,0
29,2.220,-0.922,10,1,0,1440
0,1440,0,0
30,-0.083,-0.653,10,1,0,1440
0,1440,0,0
31,1.022,7.553,10,1,0,1440
0,1440,0,0
32,0.745,1.850,10,1,0,1440
0,1440,0,0
33,4.891,-2.029,10,1,0,1440
0,1440,0,0
34,-1.896,-2.968,10,1,0,1440
0,1440,0,0
35,1.682,-0.666,10,1,0,1440
0,1440,0,0
36,0.251,-3.042,10,1,0,1440
0,1440,0,0
37,1.542,0.491,10,1,0,1440
0,1440,0,0
38,6.031,8.980,10,1,0,1440
0,1440,0,0
39,4.040,-4.537,10,1,0,1440
0,1440,0,0
40,-2.684,-5.427,10,1,0,1440
0,1440,0,0
41,6.917,7.258,10,1,0,1440
0,1440,0,0
42,-2.282,4.617,10,1,0,1440
0,1440,0,0
43,-1.426,-3.025,10,1,0,1440
0,1440,0,0
44,7.605,1.207,10,1,0,1440
0,1440,0,0
45,6.304,6.002,10,1,0,1440
0,1440,0,0
46,-2.024,-8.197,10,1,0,1440
0,1440,0,0
47,-4.117,-4.202,10,1,0,1440
0,1440,0,0
48,7.920,-2.902,10,1,0,1440
0,1440,0,0
49,-2.073,-0.707,10,1,0,1440
0,1440,0,0
50,-0.416,-5.350,10,1,0,1440
0,1440,0,0
51,3.959,-4.046,10,1,0,1440
0,1440,0,0
52,-4.713,-7.785,10,1,0,1440
0,1440,0,0
53,-0.123,4.918,10,1,0,1440
0,1440,0,0
54,-0.037,-2.726,10,1,0,1440
0,1440,0,0
55,3.154,-0.872,10,1,0,1440
0,1440,0,0
56,-0.013,-2.026,10,1,0,1440
0,1440,0,0
57,6.639,-2.669,10,1,0,1440
0,1440,0,0
58,0.610,-6.409,10,1,0,1440
0,1440,0,0
59,1.354,-2.087,10,1,0,1440
0,1440,0,0
60,5.421,-0.654,10,1,0,1440
0,1440,0,0
61,2.205,-3.414,10,1,334,410
0,334,-1,334,334,410,0,0,410,1440,1,-410
62,-0.972,0.471,10,1,86,167
0,86,-1,86,86,167,0,0,167,1440,1,-167
63,-1.158,-4.686,10,1,91,157
0,91,-1,91,91,157,0,0,157,1440,1,-157
64,-0.290,-0.030,10,1,213,288
0,213,-1,213,213,288,0,0,288,1440,1,-288
65,1.384,-4.445,10,1,367,446
0,367,-1,367,367,446,0,0,446,1440,1,-446
66,1.748,2.775,10,1,135,187
0,135,-1,135,135,187,0,0,187,1440,1,-187
67,0.297,-4.369,10,1,317,398
0,317,-1,317,317,398,0,0,398,1440,1,-398
68,-4.435,-3.820,10,1,443,508
0,443,-1,443,443,508,0,0,508,1440,1,-508
69,-5.940,0.151,10,1,479,525
0,479,-1,479,479,525,0,0,525,1440,1,-525
70,-1.345,-7.553,10,1,357,444
0,357,-1,357,357,444,0,0,444,1440,1,-444
71,-0.552,-5.195,10,1,138,185
0,138,-1,138,138,185,0,0,185,1440,1,-185
72,-0.959,-2.688,10,1,206,288
0,206,-1,206,206,288,0,0,288,1440,1,-288
73,1.932,2.950,10,1,235,281
0,235,-1,235,235,281,0,0,281,1440,1,-281
74,2.625,3.674,10,1,389,465
0,389,-1,389,389,465,0,0,465,1440,1,-465
75,4.371,-2.803,10,1,424,477
0,424,-1,424,424,477,0,0,477,1440,1,-477
76,-5.203,-3.534,10,1,150,211
0,150,-1,150,150,211,0,0,211,1440,1,-211
77,-0.844,-0.012,10,1,129,175
0,129,-1,129,129,175,0,0,175,1440,1,-175
78,8.911,6.212,10,1,222,266
0,222,-1,222,222,266,0,0,266,1440,1,-266
79,0.607,-1.613,10,1,433,508
0,433,-1,433,433,508,0,0,508,1440,1,-508
80,2.709,-0.510,10,1,477,544
0,477,-1,477,477,544,0,0,544,1440,1,-544
81,2.753,-1.534,10,1,303,343
0,303,-1,303,303,343,0,0,343,1440,1,-343
82,4.251,3.206,10,1,478,519
0,478,-1,478,478,519,0,0,519,1440,1,-519
83,2.531,1.269,10,1,75,159
0,75,-1,75,75,159,0,0,159,1440,1,-159
84,4.778,-1.277,10,1,388,420
0,388,-1,388,388,420,0,0,420,1440,1,-420
85,-0.314,-1.384,10,1,137,196
0,137,-1,137,137,196,0,0,196,1440,1,-196
86,1.248,-7.810,10,1,475,527
0,475,-1,475,475,527,0,0,527,1440,1,-527
87,-2.104,-0.343,10,1,389,439
0,389,-1,389,389,439,0,0,439,1440,1,-439
88,-0.315,-5.543,10,1,162,204
0,162,-1,162,162,204,0,0,204,1440,1,-204
89,5.301,8.490,10,1,320,351
0,320,-1,320,320,351,0,0,351,1440,1,-351
90,3.564,-4.755,10,1,471,530
0,471,-1,471,471,530,0,0,530,1440,1,-530
91,4.343,-1.844,10,1,233,274
0,233,-1,233,233,274,0,0,274,1440,1,-274
92,0.660,-5.458,10,1,64,128
0,64,-1,64,64,128,0,0,128,1440,1,-128
93,8.795,9.401,10,1,260,313
0,260,-1,260,260,313,0,0,313,1440,1,-313
94,3.910,-4.874,10,1,404,455
0,404,-1,404,404,455,0,0,455,1440,1,-455
95,-4.834,-2.648,10,1,123,201
0,123,-1,123,123,201,0,0,201,1440,1,-201
96,7.200,-0.925,10,1,474,547
0,474,-1,474,474,547,0,0,547,1440,1,-547
97,-3.773,0.335,10,1,474,562
0,474,-1,474,474,562,0,0,562,1440,1,-562
98,-6.597,-3.675,10,1,448,479
0,448,-1,448,448,479,0,0,479,1440,1,-479
99,-1.667,-3.528,10,1,434,506
0,434,-1,434,434,506,0,0,506,1440,1,-506
100,1.074,-0.467,10,1,84,118
0,84,-1,84,84,118,0,0,118,1440,1,-118
101,1.559,-0.582,10,1,142,174
0,142,-1,142,142,174,0,0,174,1440,1,-174
102,2.161,-1.811,10,1,248,336
0,248,-1,248,248,336,0,0,336,1440,1,-336
103,0.978,4.928,10,1,222,293
0,222,-1,222,222,293,0,0,293,1440,1,-293
104,9.415,-0.449,10,1,137,167
0,137,-1,137,137,167,0,0,167,1440,1,-167
105,1.038,-1.630,10,1,361,400
0,361,-1,361,361,400,0,0,400,1440,1,-400
106,-0.145,-0.086,10,1,268,305
0,268,-1,268,268,305,0,0,305,1440,1,-305
107,-0.622,2.530,10,1,212,272
0,212,-1,212,212,272,0,0,272,1440,1,-272
108,-0.625,1.022,10,1,358,438
0,358,-1,358,358,438,0,0,438,1440,1,-438
109,-1.744,-7.080,10,1,441,502
0,441,-1,441,441,502,0,0,502,1440,1,-502
110,-5.509,-4.385,10,1,146,179
0,146,-1,146,146,179,0,0,179,1440,1,-179
111,-0.944,2.372,10,1,203,244
0,203,-1,203,203,244,0,0,244,1440,1,-244
112,0.898,3.541,10,1,392,441
0,392,-1,392,392,441,0,0,441,1440,1,-441
113,-1.675,-0.081,10,1,133,205
0,133,-1,133,133,205,0,0,205,1440,1,-205
114,6.685,-3.784,10,1,207,241
0,207,-1,207,207,241,0,0,241,1440,1,-241
115,1.472,-2.372,10,1,237,291
0,237,-1,237,237,291,0,0,291,1440,1,-291
116,3.347,2.003,10,1,120,187
0,120,-1,120,120,187,0,0,187,1440,1,-187
117,6.639,-7.011,10,1,252,317
0,252,-1,252,252,317,0,0,317,1440,1,-317
118,-0.566,0.888,10,1,312,392
0,312,-1,312,312,392,0,0,392,1440,1,-392
119,-0.510,-4.673,10,1,179,256
0,179,-1,179,179,256,0,0,256,1440,1,-256
120,-0.883,5.574,10,1,418,448
0,418,-1,418,418,448,0,0,448,1440,1,-448
121,0.585,-0.319,10,-1,459,510
0,459,-1,459,459,510,0,0,510,1440,1,-510
122,-2.573,-3.769,10,-1,116,164
0,116,-1,116,116,164,0,0,164,1440,1,-164
123,-1.536,-2.455,10,-1,421,501
0,421,-1,421,421,501,0,0,501,1440,1,-501
124,4.379,-1.110,10,-1,124,200
0,124,-1,124,124,200,0,0,200,1440,1,-200
125,1.766,-2.560,10,-1,217,268
0,217,-1,217,217,268,0,0,268,1440,1,-268
126,-3.962,5.488,10,-1,406,479
0,406,-1,406,406,479,0,0,479,1440,1,-479
127,-2.455,-4.322,10,-1,291,357
0,291,-1,291,291,357,0,0,357,1440,1,-357
128,-2.689,-1.274,10,-1,79,152
0,79,-1,79,79,152,0,0,152,1440,1,-152
129,3.416,-3.846,10,-1,199,252
0,199,-1,199,199,252,0,0,252,1440,1,-252
130,-4.731,-2.947,10,-1,393,468
0,393,-1,393,393,468,0,0,468,1440,1,-468
131,4.937,-2.559,10,-1,399,485
0,399,-1,399,399,485,0,0,485,1440,1,-485
132,0.370,-1.645,10,-1,217,263
0,217,-1,217,217,263,0,0,263,1440,1,-263
133,2.243,-2.327,10,-1,282,370
0,282,-1,282,282,370,0,0,370,1440,1,-370
134,-3.755,-2.961,10,-1,107,185
0,107,-1,107,107,185,0,0,185,1440,1,-185
135,2.555,0.367,10,-1,379,467
0,379,-1,379,379,467,0,0,467,1440,1,-467
136,-1.522,0.328,10,-1,403,475
0,403,-1,403,403,475,0,0,475,1440,1,-475
137,-1.294,-0.750,10,-1,193,280
0,193,-1,193,193,280,0,0,280,1440,1,-280
138,-2.211,2.643,10,-1,70,110
0,70,-1,70,70,110,0,0,110,1440,1,-110
139,-1.794,0.773,10,-1,395,435
0,395,-1,395,395,435,0,0,435,1440,1,-435
140,-2.123,1.449,10,-1,456,496
0,456,-1,456,456,496,0,0,496,1440,1,-496
141,0.350,-1.971,10,-1,286,362
0,286,-1,286,286,362,0,0,362,1440,1,-362
142,3.260,-1.494,10,-1,433,468
0,433,-1,433,433,468,0,0,468,1440,1,-468
143,-0.574,-2.830,10,-1,222,308
0,222,-1,222,222,308,0,0,308,1440,1,-308
144,-0.613,-3.962,10,-1,403,476
0,403,-1,403,403,476,0,0,476,1440,1,-476
145,-0.246,1.282,10,-1,200,266
0,200,-1,200,200,266,0,0,266,1440,1,-266
146,-0.647,0.847,10,-1,259,297
0,259,-1,259,259,297,0,0,297,1440,1,-297
147,-3.789,-3.612,10,-1,291,372
0,291,-1,291,291,372,0,0,372,1440,1,-372
148,1.085,-1.875,10,-1,231,265
0,231,-1,231,231,265,0,0,265,1440,1,-265
149,5.010,0.864,10,-1,406,467
0,406,-1,406,406,467,0,0,467,1440,1,-467
150,4.684,0.471,10,-1,436,501
0,436,-1,436,436,501,0,0,501,1440,1,-501
151,1.960,-1.041,10,-1,264,336
0,264,-1,264,264,336,0,0,336,1440,1,-336
152,-3.895,5.294,10,-1,185,263
0,185,-1,185,185,263,0,0,263,1440,1,-263
153,-0.064,-2.129,10,-1,340,389
0,340,-1,340,340,389,0,0,389,1440,1,-389
154,4.091,-3.377,10,-1,472,530
0,472,-1,472,472,530,0,0,530,1440,1,-530
155,-0.057,-6.230,10,-1,271,356
0,271,-1,271,271,356,0,0,356,1440,1,-356
156,-0.978,2.679,10,-1,328,360
0,328,-1,328,328,360,0,0,360,1440,1,-360
157,3.426,-2.389,10,-1,353,414
0,353,-1,353,353,414,0,0,414,1440,1,-414
158,2.957,-2.456,10,-1,117,152
0,117,-1,117,117,152,0,0,152,1440,1,-152
159,1.638,-5.889,10,-1,255,342
0,255,-1,255,255,342,0,0,342,1440,1,-342
160,6.188,-1.517,10,-1,398,475
0,398,-1,398,398,475,0,0,475,1440,1,-475
161,4.009,-0.963,10,-1,298,344
0,298,-1,298,298,344,0,0,344,1440,1,-344
162,0.012,-0.464,10,-1,454,491
0,454,-1,454,454,491,0,0,491,1440,1,-491
163,-0.893,-4.390,10,-1,114,164
0,114,-1,114,114,164,0,0,164,1440,1,-164
164,-0.714,-5.743,10,-1,144,231
0,144,-1,144,144,231,0,0,231,1440,1,-231
165,0.755,-2.121,10,-1,424,459
0,424,-1,424,424,459,0,0,459,1440,1,-459
166,0.395,0.730,10,-1,287,338
0,287,-1,287,287,338,0,0,338,1440,1,-338
167,-1.512,9.202,10,-1,401,481
0,401,-1,401,401,481,0,0,481,1440,1,-481
168,8.482,-2.452,10,-1,127,185
0,127,-1,127,127,185,0,0,185,1440,1,-185
169,-5.232,3.068,10,-1,129,167
0,129,-1,129,129,167,0,0,167,1440,1,-167
170,0.754,1.382,10,-1,458,528
0,458,-1,458,458,528,0,0,528,1440,1,-528
171,-2.148,3.036,10,-1,89,154
0,89,-1,89,89,154,0,0,154,1440,1,-154
172,3.605,2.988,10,-1,359,435
0,359,-1,359,359,435,0,0,435,1440,1,-435
173,1.278,-4.094,10,-1,108,188
0,108,-1,108,108,188,0,0,188,1440,1,-188
174,-1.729,-1.025,10,-1,417,481
0,417,-1,417,417,481,0,0,481,1440,1,-481
175,-1.054,1.240,10,-1,397,466
0,397,-1,397,397,466,0,0,466,1440,1,-466
176,-1.585,-5.946,10,-1,219,271
0,219,-1,219,219,271,0,0,271,1440,1,-271
177,2.927,-0.222,10,-1,453,502
0,453,-1,453,453,502,0,0,502,1440,1,-502
178,-1.260,-5.893,10,-1,266,300
0,266,-1,266,266,300,0,0,300,1440,1,-300
179,-1.730,-3.530,10,-1,339,410
0,339,-1,339,339,410,0,0,410,1440,1,-410
180,5.705,-5.035,10,-1,163,206
0,163,-1,163,163,206,0,0,206,1440,1,-206
181,2.694,1.744,10,-1,0,1440
0,1440,0,0
182,-0.620,-0.888,10,-1,0,1440
0,1440,0,0
183,1.698,-1.632,10,-1,0,1440
0,1440,0,0
184,8.371,-3.252,10,-1,0,1440
0,1440,0,0
185,1.245,3.459,10,-1,0,1440
0,1440,0,0
186,1.506,6.700,10,-1,0,1440
0,1440,0,0
187,2.582,-0.584,10,-1,0,1440
0,1440,0,0
188,1.367,-1.483,10,-1,0,1440
0,1440,0,0
189,4.832,-0.516,10,-1,0,1440
0,1440,0,0
190,1.349,1.974,10,-1,0,1440
0,1440,0,0
191,-1.851,6.540,10,-1,0,1440
0,1440,0,0
192,1.755,3.838,10,-1,0,1440
0,1440,0,0
193,3.777,-1.600,10,-1,0,1440
0,1440,0,0
194,4.797,-3.031,10,-1,0,1440
0,1440,0,0
195,3.881,3.624,10,-1,0,1440
0,1440,0,0
196,-1.609,-4.284,10,-1,0,1440
0,1440,0,0
197,2.866,-0.199,10,-1,0,1440
0,1440,0,0
198,-0.586,-0.186,10,-1,0,1440
0,1440,0,0
199,6.052,6.342,10,-1,0,1440
0,1440,0,0
200,6.320,-4.777,10,-1,0,1440
0,1440,0,0
201,-1.531,-2.329,10,-1,0,1440
0,1440,0,0
202,-0.287,0.079,10,-1,0,1440
0,1440,0,0
203,3.206,-1.018,10,-1,0,1440
0,1440,0,0
204,-1.863,-2.567,10,-1,0,1440
0,1440,0,0
205,-0.363,2.543,10,-1,0,1440
0,1440,0,0
206,1.048,2.289,10,-1,0,1440
0,1440,0,0
207,0.182,-0.301,10,-1,0,1440
0,1440,0,0
208,-2.527,-1.218,10,-1,0,1440
0,1440,0,0
209,5.693,-7.551,10,-1,0,1440
0,1440,0,0
210,1.389,-3.623,10,-1,0,1440
0,1440,0,0
211,3.252,-2.952,10,-1,0,1440
0,1440,0,0
212,0.480,-0.729,10,-1,0,1440
0,1440,0,0
213,1.137,-0.834,10,-1,0,1440
0,1440,0,0
214,1.713,-2.465,10,-1,0,1440
0,1440,0,0
215,-3.366,-4.124,10,-1,0,1440
0,1440,0,0
216,-3.239,-5.088,10,-1,0,1440
0,1440,0,0
217,2.304,-1.450,10,-1,0,1440
0,1440,0,0
218,-2.186,-3.950,10,-1,0,1440
0,1440,0,0
219,3.201,7.733,10,-1,0,1440
0,1440,0,0
220,1.383,-7.619,10,-1,0,1440
0,1440,0,0
221,-0.805,-2.118,10,-1,0,1440
0,1440,0,0
222,2.539,4.661,10,-1,0,1440
0,1440,0,0
223,4.954,-5.464,10,-1,0,1440
0,1440,0,0
224,6.342,-0.864,10,-1,0,1440
0,1440,0,0
225,0.230,-0.554,10,-1,0,1440
0,1440,0,0
226,5.242,2.990,10,-1,0,1440
0,1440,0,0
227,0.930,-1.625,10,-1,0,1440
0,1440,0,0
228,3.484,-9.619,10,-1,0,1440
0,1440,0,0
229,-2.106,-4.150,10,-1,0,1440
0,1440,0,0
230,2.845,1.024,10,-1,0,1440
0,1440,0,0
231,1.625,-2.258,10,-1,0,1440
0,1440,0,0
232,-3.664,-3.403,10,-1,0,1440
0,1440,0,0
233,-2.736,-5.018,10,-1,0,1440
0,1440,0,0
234,-5.370,1.133,10,-1,0,1440
0,1440,0,0
235,2.628,-0.599,10,-1,0,1440
0,1440,0,0
236,-3.152,3.459,10,-1,0,1440
0,1440,0,0
237,-1.461,-3.151,10,-1,0,1440
0,1440,0,0
238,-0.424,-3.087,10,-1,0,1440
0,1440,0,0
239,-1.852,-2.949,10,-1,0,1440
0,1440,0,0
