13,288,480,6,90
0,-0.268,-0.947,0,0,0,1440
0,1440,0,0
1,-6.617,-3.781,10,1,0,1440
0,1440,0,0
2,0.267,-3.522,10,1,0,1440
0,1440,0,0
3,3.875,0.862,10,1,0,1440
0,1440,0,0
4,6.265,2.067,10,1,0,1440
0,1440,0,0
5,6.097,-0.611,10,1,0,1440
0,1440,0,0
6,-9.854,-3.953,10,1,0,1440
0,1440,0,0
7,0.841,-8.127,10,1,0,1440
0,1440,0,0
8,-1.457,2.606,10,1,0,1440
0,1440,0,0
9,-3.419,-7.670,10,1,0,1440
0,1440,0,0
10,5.514,-3.391,10,1,0,1440
0,1440,0,0
11,1.587,0.872,10,1,0,1440
0,1440,0,0
12,-6.342,-2.028,10,1,0,1440
0,1440,0,0
13,-0.936,-4.221,10,1,0,1440
0,1440,0,0
14,-5.362,0.373,10,1,0,1440
0,1440,0,0
15,5.349,-0.331,10,1,0,1440
0,1440,0,0
16,-2.261,-3.279,10,1,0,1440
0,1440,0,0
17,3.961,-0.155,10,1,0,1440
0,1440,0,0
18,1.670,-2.275,10,1,0,1440
0,1440,0,0
19,-5.124,-1.376,10,1,0,1440
0,1440,0,0
20,-2.991,1.438,10,1,0,1440
0,1440,0,0
21,-7.044,-2.791,10,1,0,1440
0,1440,0,0
22,-7.539,-3.081,10,1,0,1440
0,1440,0,0
23,1.059,-2.893,10,1,0,1440
0,1440,0,0
24,8.634,-4.594,10,1,0,1440
0,1440,0,0
25,0.386,3.458,10,1,0,1440
0,1440,0,0
26,-3.760,-4.211,10,1,0,1440
0,1440,0,0
27,6.944,0.138,10,1,0,1440
0,1440,0,0
28,-1.382,0.125,10,1,0,1440
0,1440,0,0
29,-2.712,-3.804,10,1,0,1440
0,1440,0,0
30,-6.935,-1.473,10,1,0,1440
0,1440,0,0
31,5.857,2.935,10,1,0,1440
0,1440,0,0
32,5.810,3.170,10,1,0,1440
0,1440,0,0
33,-6.225,-1.643,10,1,0,1440
0,1440,0,0
34,-6.638,1.359,10,1,0,1440
0,1440,0,0
35,6.803,-1.248,10,1,0,1440
0,1440,0,0
36,-3.070,-4.168,10,1,0,1440
0,1440,0,0
37,-5.539,-5.105,10,1,0,1440
0,1440,0,0
38,3.624,-0.265,10,1,0,1440
0,1440,0,0
39,-0.122,0.559,10,1,0,1440
0,1440,0,0
40,1.028,-2.395,10,1,0,1440
0,1440,0,0
41,-0.716,3.686,10,1,0,1440
0,1440,0,0
42,-9.020,6.117,10,1,0,1440
0,1440,0,0
43,4.637,6.508,10,1,0,1440
0,1440,0,0
44,1.335,3.137,10,1,0,1440
0,1440,0,0
45,-7.357,-2.884,10,1,0,1440
0,1440,0,0
46,-4.153,-3.710,10,1,0,1440
0,1440,0,0
47,-6.094,-2.725,10,1,0,1440
0,1440,0,0
48,3.831,5.438,10,1,0,1440
0,1440,0,0
49,2.631,1.198,10,1,0,1440
0,1440,0,0
50,1.030,-4.835,10,1,0,1440
0,1440,0,0
51,5.242,-2.836,10,1,0,1440
0,1440,0,0
52,-4.376,-3.934,10,1,0,1440
0,1440,0,0
53,4.932,1.139,10,1,0,1440
0,1440,0,0
54,4.559,0.435,10,1,0,1440
0,1440,0,0
55,-2.599,-1.581,10,1,0,1440
0,1440,0,0
56,6.525,-5.963,10,1,0,1440
0,1440,0,0
57,1.211,-3.439,10,1,0,1440
0,1440,0,0
58,1.239,-1.625,10,1,0,1440
0,1440,0,0
59,0.053,6.961,10,1,0,1440
0,1440,0,0
60,-0.868,0.777,10,1,0,1440
0,1440,0,0
61,4.147,-3.502,10,1,0,1440
0,1440,0,0
62,1.186,-3.497,10,1,0,1440
0,1440,0,0
63,-0.131,-5.806,10,1,0,1440
0,1440,0,0
64,0.602,-3.102,10,1,0,1440
0,1440,0,0
65,0.179,-3.254,10,1,0,1440
0,1440,0,0
66,2.927,-0.649,10,1,0,1440
0,1440,0,0
67,2.395,1.074,10,1,0,1440
0,1440,0,0
68,-6.589,4.091,10,1,0,1440
0,1440,0,0
69,-1.010,2.626,10,1,0,1440
0,1440,0,0
70,5.809,6.735,10,1,0,1440
0,1440,0,0
71,9.002,0.948,10,1,0,1440
0,1440,0,0
72,-0.662,1.522,10,1,0,1440
0,1440,0,0
73,-0.287,-4.284,10,1,342,417
0,342,-1,342,342,417,0,0,417,1440,1,-417
74,-3.771,-0.731,10,1,121,155
0,121,-1,121,121,155,0,0,155,1440,1,-155
75,4.417,-1.122,10,1,299,374
0,299,-1,299,299,374,0,0,374,1440,1,-374
76,-5.870,-0.281,10,1,295,328
0,295,-1,295,295,328,0,0,328,1440,1,-328
77,-0.391,1.007,10,1,309,381
0,309,-1,309,309,381,0,0,381,1440,1,-381
78,-4.137,-0.150,10,1,191,230
0,191,-1,191,191,230,0,0,230,1440,1,-230
79,5.818,2.756,10,1,132,203
0,132,-1,132,132,203,0,0,203,1440,1,-203
80,-6.386,2.615,10,1,199,284
0,199,-1,199,199,284,0,0,284,1440,1,-284
81,-5.679,-1.592,10,1,349,396
0,349,-1,349,349,396,0,0,396,1440,1,-396
82,2.222,-2.751,10,1,69,104
0,69,-1,69,69,104,0,0,104,1440,1,-104
83,-0.103,-1.484,10,1,380,411
0,380,-1,380,380,411,0,0,411,1440,1,-411
84,-5.770,-1.048,10,1,69,143
0,69,-1,69,69,143,0,0,143,1440,1,-143
85,8.085,0.630,10,1,231,307
0,231,-1,231,231,307,0,0,307,1440,1,-307
86,0.289,1.082,10,1,219,257
0,219,-1,219,219,257,0,0,257,1440,1,-257
87,-3.739,-0.780,10,1,156,206
0,156,-1,156,156,206,0,0,206,1440,1,-206
88,-3.360,-2.674,10,1,438,522
0,438,-1,438,438,522,0,0,522,1440,1,-522
89,9.520,2.423,10,1,95,127
0,95,-1,95,95,127,0,0,127,1440,1,-127
90,-1.390,2.933,10,1,468,537
0,468,-1,468,468,537,0,0,537,1440,1,-537
91,-5.346,0.930,10,1,399,460
0,399,-1,399,399,460,0,0,460,1440,1,-460
92,6.758,1.301,10,1,361,415
0,361,-1,361,361,415,0,0,415,1440,1,-415
93,-8.388,-5.327,10,1,159,190
0,159,-1,159,159,190,0,0,190,1440,1,-190
94,3.026,-7.243,10,1,293,347
0,293,-1,293,293,347,0,0,347,1440,1,-347
95,-2.233,-2.054,10,1,364,447
0,364,-1,364,364,447,0,0,447,1440,1,-447
96,0.374,-3.546,10,1,196,250
0,196,-1,196,196,250,0,0,250,1440,1,-250
97,-2.009,-4.398,10,1,133,183
0,133,-1,133,133,183,0,0,183,1440,1,-183
98,-4.769,-2.110,10,1,269,355
0,269,-1,269,269,355,0,0,355,1440,1,-355
99,-2.045,-1.385,10,1,213,274
0,213,-1,213,213,274,0,0,274,1440,1,-274
100,3.452,0.397,10,1,345,421
0,345,-1,345,345,421,0,0,421,1440,1,-421
101,2.051,-1.188,10,1,182,215
0,182,-1,182,182,215,0,0,215,1440,1,-215
102,-4.604,-2.256,10,1,444,505
0,444,-1,444,444,505,0,0,505,1440,1,-505
103,-3.963,2.538,10,1,225,303
0,225,-1,225,225,303,0,0,303,1440,1,-303
104,-0.102,5.043,10,1,239,297
0,239,-1,239,239,297,0,0,297,1440,1,-297
105,-2.863,2.349,10,1,422,475
0,422,-1,422,422,475,0,0,475,1440,1,-475
106,-5.300,-1.625,10,1,115,185
0,115,-1,115,115,185,0,0,185,1440,1,-185
107,-0.335,-2.295,10,1,451,532
0,451,-1,451,451,532,0,0,532,1440,1,-532
108,-6.264,-2.635,10,1,89,129
0,89,-1,89,89,129,0,0,129,1440,1,-129
109,2.540,0.053,10,1,431,498
0,431,-1,431,431,498,0,0,498,1440,1,-498
110,-2.990,7.292,10,1,302,368
0,302,-1,302,302,368,0,0,368,1440,1,-368
111,2.663,0.197,10,1,276,360
0,276,-1,276,276,360,0,0,360,1440,1,-360
112,-0.981,3.500,10,1,69,140
0,69,-1,69,69,140,0,0,140,1440,1,-140
113,-0.776,-4.243,10,1,164,225
0,164,-1,164,164,225,0,0,225,1440,1,-225
114,2.892,-0.712,10,1,324,390
0,324,-1,324,324,390,0,0,390,1440,1,-390
115,4.769,3.611,10,1,79,127
0,79,-1,79,79,127,0,0,127,1440,1,-127
116,-5.317,0.521,10,1,222,272
0,222,-1,222,222,272,0,0,272,1440,1,-272
117,1.756,1.321,10,1,214,262
0,214,-1,214,214,262,0,0,262,1440,1,-262
118,0.684,-0.250,10,1,422,497
0,422,-1,422,422,497,0,0,497,1440,1,-497
119,-1.732,9.726,10,1,109,156
0,109,-1,109,109,156,0,0,156,1440,1,-156
120,2.241,2.653,10,1,161,249
0,161,-1,161,161,249,0,0,249,1440,1,-249
121,-7.309,-1.325,10,1,349,401
0,349,-1,349,349,401,0,0,401,1440,1,-401
122,-6.500,-0.458,10,1,333,400
0,333,-1,333,333,400,0,0,400,1440,1,-400
123,-3.491,-4.390,10,1,155,228
0,155,-1,155,155,228,0,0,228,1440,1,-228
124,-9.235,-0.452,10,1,391,427
0,391,-1,391,391,427,0,0,427,1440,1,-427
125,0.065,-0.850,10,1,207,258
0,207,-1,207,207,258,0,0,258,1440,1,-258
126,0.505,-3.732,10,1,362,443
0,362,-1,362,362,443,0,0,443,1440,1,-443
127,-1.908,-1.418,10,1,172,246
0,172,-1,172,172,246,0,0,246,1440,1,-246
128,-7.170,-1.145,10,1,294,355
0,294,-1,294,294,355,0,0,355,1440,1,-355
129,-4.558,-2.872,10,1,171,212
0,171,-1,171,171,212,0,0,212,1440,1,-212
130,-2.835,-2.391,10,1,114,162
0,114,-1,114,114,162,0,0,162,1440,1,-162
131,-1.649,3.092,10,1,268,329
0,268,-1,268,268,329,0,0,329,1440,1,-329
132,-8.342,-2.093,10,1,333,414
0,333,-1,333,333,414,0,0,414,1440,1,-414
133,-1.205,-2.061,10,1,404,464
0,404,-1,404,404,464,0,0,464,1440,1,-464
134,-0.718,-6.372,10,1,323,409
0,323,-1,323,323,409,0,0,409,1440,1,-409
135,3.455,-0.888,10,1,397,479
0,397,-1,397,397,479,0,0,479,1440,1,-479
136,-0.487,7.369,10,1,445,504
0,445,-1,445,445,504,0,0,504,1440,1,-504
137,-3.601,-0.388,10,1,162,226
0,162,-1,162,162,226,0,0,226,1440,1,-226
138,-2.840,-2.182,10,1,107,165
0,107,-1,107,107,165,0,0,165,1440,1,-165
139,-5.628,-1.511,10,1,183,267
0,183,-1,183,183,267,0,0,267,1440,1,-267
140,-1.102,4.215,10,1,304,372
0,304,-1,304,304,372,0,0,372,1440,1,-372
141,-6.309,-6.257,10,1,171,219
0,171,-1,171,171,219,0,0,219,1440,1,-219
142,2.949,7.994,10,1,274,335
0,274,-1,274,274,335,0,0,335,1440,1,-335
143,-6.567,-0.024,10,1,78,112
0,78,-1,78,78,112,0,0,112,1440,1,-112
144,4.613,-2.042,10,1,80,128
0,80,-1,80,80,128,0,0,128,1440,1,-128
145,0.158,-1.636,10,-1,166,206
0,166,-1,166,166,206,0,0,206,1440,1,-206
146,4.028,-0.138,10,-1,321,395
0,321,-1,321,321,395,0,0,395,1440,1,-395
147,-1.527,4.225,10,-1,352,398
0,352,-1,352,352,398,0,0,398,1440,1,-398
148,3.322,-1.661,10,-1,317,378
0,317,-1,317,317,378,0,0,378,1440,1,-378
149,-7.239,1.307,10,-1,391,435
0,391,-1,391,391,435,0,0,435,1440,1,-435
150,-2.449,0.527,10,-1,250,315
0,250,-1,250,250,315,0,0,315,1440,1,-315
151,-0.660,-3.096,10,-1,106,158
0,106,-1,106,106,158,0,0,158,1440,1,-158
152,3.129,2.133,10,-1,95,146
0,95,-1,95,95,146,0,0,146,1440,1,-146
153,2.056,0.038,10,-1,456,497
0,456,-1,456,456,497,0,0,497,1440,1,-497
154,-6.720,-4.134,10,-1,407,451
0,407,-1,407,407,451,0,0,451,1440,1,-451
155,2.217,-4.037,10,-1,100,154
0,100,-1,100,100,154,0,0,154,1440,1,-154
156,3.116,0.222,10,-1,430,481
0,430,-1,430,430,481,0,0,481,1440,1,-481
157,7.463,3.022,10,-1,357,410
0,357,-1,357,357,410,0,0,410,1440,1,-410
158,6.070,8.112,10,-1,435,510
0,435,-1,435,435,510,0,0,510,1440,1,-510
159,-6.074,2.413,10,-1,252,338
0,252,-1,252,252,338,0,0,338,1440,1,-338
160,0.198,1.752,10,-1,86,158
0,86,-1,86,86,158,0,0,158,1440,1,-158
161,-8.057,-3.820,10,-1,111,182
0,111,-1,111,111,182,0,0,182,1440,1,-182
162,-4.993,-3.671,10,-1,254,333
0,254,-1,254,254,333,0,0,333,1440,1,-333
163,-6.045,-2.782,10,-1,463,497
0,463,-1,463,463,497,0,0,497,1440,1,-497
164,-7.875,-4.423,10,-1,201,275
0,201,-1,201,201,275,0,0,275,1440,1,-275
165,5.426,-0.926,10,-1,194,271
0,194,-1,194,194,271,0,0,271,1440,1,-271
166,-4.206,-2.664,10,-1,203,258
0,203,-1,203,203,258,0,0,258,1440,1,-258
167,-5.734,-1.672,10,-1,128,183
0,128,-1,128,128,183,0,0,183,1440,1,-183
168,-0.128,-1.333,10,-1,390,426
0,390,-1,390,390,426,0,0,426,1440,1,-426
169,-2.416,3.920,10,-1,320,386
0,320,-1,320,320,386,0,0,386,1440,1,-386
170,1.791,-4.044,10,-1,204,276
0,204,-1,204,204,276,0,0,276,1440,1,-276
171,5.983,-0.367,10,-1,69,112
0,69,-1,69,69,112,0,0,112,1440,1,-112
172,-0.351,0.626,10,-1,92,165
0,92,-1,92,92,165,0,0,165,1440,1,-165
173,4.017,0.859,10,-1,319,407
0,319,-1,319,319,407,0,0,407,1440,1,-407
174,-0.169,-5.438,10,-1,263,297
0,263,-1,263,263,297,0,0,297,1440,1,-297
175,-3.603,-1.707,10,-1,443,505
0,443,-1,443,443,505,0,0,505,1440,1,-505
176,0.728,-0.414,10,-1,391,423
0,391,-1,391,391,423,0,0,423,1440,1,-423
177,3.022,-0.683,10,-1,157,202
0,157,-1,157,157,202,0,0,202,1440,1,-202
178,-2.638,-6.306,10,-1,419,460
0,419,-1,419,419,460,0,0,460,1440,1,-460
179,2.877,-0.003,10,-1,198,239
0,198,-1,198,198,239,0,0,239,1440,1,-239
180,0.263,0.507,10,-1,454,522
0,454,-1,454,454,522,0,0,522,1440,1,-522
181,0.360,-2.160,10,-1,472,518
0,472,-1,472,472,518,0,0,518,1440,1,-518
182,-6.495,-1.096,10,-1,93,131
0,93,-1,93,93,131,0,0,131,1440,1,-131
183,1.867,-4.101,10,-1,355,437
0,355,-1,355,355,437,0,0,437,1440,1,-437
184,2.929,1.280,10,-1,166,215
0,166,-1,166,166,215,0,0,215,1440,1,-215
185,0.453,2.665,10,-1,261,326
0,261,-1,261,261,326,0,0,326,1440,1,-326
186,2.536,2.972,10,-1,76,136
0,76,-1,76,76,136,0,0,136,1440,1,-136
187,5.735,-1.540,10,-1,405,442
0,405,-1,405,405,442,0,0,442,1440,1,-442
188,-1.157,-1.901,10,-1,157,213
0,157,-1,157,157,213,0,0,213,1440,1,-213
189,-4.544,-7.181,10,-1,96,168
0,96,-1,96,96,168,0,0,168,1440,1,-168
190,0.220,-0.356,10,-1,276,306
0,276,-1,276,276,306,0,0,306,1440,1,-306
191,-0.185,-2.448,10,-1,170,218
0,170,-1,170,170,218,0,0,218,1440,1,-218
192,-5.985,-4.894,10,-1,75,134
0,75,-1,75,75,134,0,0,134,1440,1,-134
193,7.008,-1.782,10,-1,294,377
0,294,-1,294,294,377,0,0,377,1440,1,-377
194,-0.493,2.875,10,-1,347,430
0,347,-1,347,347,430,0,0,430,1440,1,-430
195,-4.662,-2.353,10,-1,94,161
0,94,-1,94,94,161,0,0,161,1440,1,-161
196,-4.987,-3.534,10,-1,285,318
0,285,-1,285,285,318,0,0,318,1440,1,-318
197,-6.750,0.814,10,-1,439,506
0,439,-1,439,439,506,0,0,506,1440,1,-506
198,3.119,-1.824,10,-1,148,214
0,148,-1,148,148,214,0,0,214,1440,1,-214
199,-4.214,-5.270,10,-1,263,320
0,263,-1,263,263,320,0,0,320,1440,1,-320
200,-1.509,1.893,10,-1,452,539
0,452,-1,452,452,539,0,0,539,1440,1,-539
201,-7.862,-2.434,10,-1,85,173
0,85,-1,85,85,173,0,0,173,1440,1,-173
202,5.147,-0.961,10,-1,256,339
0,256,-1,256,256,339,0,0,339,1440,1,-339
203,2.999,-3.106,10,-1,98,169
0,98,-1,98,98,169,0,0,169,1440,1,-169
204,4.674,0.145,10,-1,195,235
0,195,-1,195,195,235,0,0,235,1440,1,-235
205,-5.295,3.174,10,-1,234,314
0,234,-1,234,234,314,0,0,314,1440,1,-314
206,1.054,-6.143,10,-1,135,205
0,135,-1,135,135,205,0,0,205,1440,1,-205
207,-1.595,-5.601,10,-1,120,163
0,120,-1,120,120,163,0,0,163,1440,1,-163
208,-0.778,-5.473,10,-1,132,204
0,132,-1,132,132,204,0,0,204,1440,1,-204
209,1.105,-2.091,10,-1,105,186
0,105,-1,105,105,186,0,0,186,1440,1,-186
210,-2.436,-2.305,10,-1,308,349
0,308,-1,308,308,349,0,0,349,1440,1,-349
211,0.295,-2.040,10,-1,262,299
0,262,-1,262,262,299,0,0,299,1440,1,-299
212,-8.265,2.432,10,-1,166,219
0,166,-1,166,166,219,0,0,219,1440,1,-219
213,-1.213,4.207,10,-1,374,431
0,374,-1,374,374,431,0,0,431,1440,1,-431
214,-9.803,-3.636,10,-1,478,521
0,478,-1,478,478,521,0,0,521,1440,1,-521
215,-6.110,-1.348,10,-1,449,534
0,449,-1,449,449,534,0,0,534,1440,1,-534
216,-3.914,0.629,10,-1,97,155
0,97,-1,97,97,155,0,0,155,1440,1,-155
217,4.118,0.797,10,-1,0,1440
0,1440,0,0
218,0.425,1.983,10,-1,0,1440
0,1440,0,0
219,-3.414,-3.792,10,-1,0,1440
0,1440,0,0
220,-0.456,2.357,10,-1,0,1440
0,1440,0,0
221,3.789,-0.195,10,-1,0,1440
0,1440,0,0
222,7.826,1.594,10,-1,0,1440
0,1440,0,0
223,-0.866,-2.511,10,-1,0,1440
0,1440,0,0
224,1.007,3.716,10,-1,0,1440
0,1440,0,0
225,-4.262,-4.699,10,-1,0,1440
0,1440,0,0
226,9.216,-9.418,10,-1,0,1440
0,1440,0,0
227,3.220,-3.984,10,-1,0,1440
0,1440,0,0
228,-5.523,-1.503,10,-1,0,1440
0,1440,0,0
229,-2.675,-2.149,10,-1,0,1440
0,1440,0,0
230,-7.551,-0.071,10,-1,0,1440
0,1440,0,0
231,3.402,1.266,10,-1,0,1440
0,1440,0,0
232,-0.264,-2.083,10,-1,0,1440
0,1440,0,0
233,5.337,1.377,10,-1,0,1440
0,1440,0,0
234,-1.495,-4.026,10,-1,0,1440
0,1440,0,0
235,6.783,0.575,10,-1,0,1440
0,1440,0,0
236,-1.322,-2.603,10,-1,0,1440
0,1440,0,0
237,0.417,-3.262,10,-1,0,1440
0,1440,0,0
238,-2.605,-3.331,10,-1,0,1440
0,1440,0,0
239,3.196,-4.570,10,-1,0,1440
0,1440,0,0
240,9.682,2.621,10,-1,0,1440
0,1440,0,0
241,-4.470,-3.785,10,-1,0,1440
0,1440,0,0
242,3.342,1.179,10,-1,0,1440
0,1440,0,0
243,-3.519,1.923,10,-1,0,1440
0,1440,0,0
244,-1.423,-7.499,10,-1,0,1440
0,1440,0,0
245,3.716,-0.084,10,-1,0,1440
0,1440,0,0
246,-5.170,-2.645,10,-1,0,1440
0,1440,0,0
247,2.353,0.590,10,-1,0,1440
0,1440,0,0
248,-1.843,5.371,10,-1,0,1440
0,1440,0,0
249,-1.134,-1.762,10,-1,0,1440
0,1440,0,0
250,-0.781,-3.590,10,-1,0,1440
0,1440,0,0
251,0.352,2.694,10,-1,0,1440
0,1440,0,0
252,-4.659,-2.227,10,-1,0,1440
0,1440,0,0
253,-0.300,-0.055,10,-1,0,1440
0,1440,0,0
254,3.215,1.715,10,-1,0,1440
0,1440,0,0
255,3.202,1.301,10,-1,0,1440
0,1440,0,0
256,-0.663,2.989,10,-1,0,1440
0,1440,0,0
257,7.778,-2.540,10,-1,0,1440
0,1440,0,0
258,3.071,6.570,10,-1,0,1440
0,1440,0,0
259,-4.381,-4.304,10,-1,0,1440
0,1440,0,0
260,4.956,1.683,10,-1,0,1440
0,1440,0,0
261,-2.893,-0.044,10,-1,0,1440
0,1440,0,0
262,4.036,1.638,10,-1,0,1440
0,1440,0,0
263,2.275,4.067,10,-1,0,1440
0,1440,0,0
264,-0.147,0.657,10,-1,0,1440
0,1440,0,0
265,-0.119,1.686,10,-1,0,1440
0,1440,0,0
266,0.803,4.182,10,-1,0,1440
0,1440,0,0
267,-4.402,-2.278,10,-1,0,1440
0,1440,0,0
268,1.237,-1.135,10,-1,0,1440
0,1440,0,0
269,3.328,1.588,10,-1,0,1440
0,1440,0,0
270,-3.479,-1.504,10,-1,0,1440
0,1440,0,0
271,-9.686,-1.939,10,-1,0,1440
0,1440,0,0
272,3.843,-0.535,10,-1,0,1440
0,1440,0,0
273,-2.539,0.022,10,-1,0,1440
0,1440,0,0
274,0.085,-3.186,10,-1,0,1440
0,1440,0,0
275,-2.402,9.569,10,-1,0,1440
0,1440,0,0
276,-0.427,3.547,10,-1,0,1440
0,1440,0,0
277,-0.693,0.185,10,-1,0,1440
0,1440,0,0
278,-7.095,-0.322,10,-1,0,1440
0,1440,0,0
279,-3.265,-1.652,10,-1,0,1440
0,1440,0,0
280,4.286,-2.168,10,-1,0,1440
0,1440,0,0
281,0.518,0.640,10,-1,0,1440
0,1440,0,0
282,3.692,-0.499,10,-1,0,1440
0,1440,0,0
283,4.959,2.778,10,-1,0,1440
0,1440,0,0
284,4.504,1.079,10,-1,0,1440
0,1440,0,0
285,0.769,1.406,10,-1,0,1440
0,1440,0,0
286,-6.091,1.864,10,-1,0,1440
0,1440,0,0
287,-6.450,0.892,10,-1,0,1440
0,1440,0,0
288,3.716,-1.499,10,-1,0,1440
0,1440,0,0
