1,8,480,6,90
0,0.000,0.000,0,0,0,1440
0,1440,0,0
1,3.000,0.000,10,1,8,12
0,8,-1,8,8,12,0,0,12,1440,1,-12
2,6.000,0.000,10,1,27,32
0,27,-1,27,27,32,0,0,32,1440,1,-32
3,4.000,0.000,10,1,19,29
0,19,-1,19,19,29,0,0,29,1440,1,-29
4,1.000,0.000,10,1,35,40
0,35,-1,35,35,40,0,0,40,1440,1,-40
5,5.000,0.000,10,-1,15,22
0,15,-1,15,15,22,0,0,22,1440,1,-22
6,2.000,0.000,10,-1,38,49
0,38,-1,38,38,49,0,0,49,1440,1,-49
7,2.000,0.000,10,-1,28,35
0,28,-1,28,28,35,0,0,35,1440,1,-35
8,4.000,0.000,10,-1,38,52
0,38,-1,38,38,52,0,0,52,1440,1,-52
